.02381 .30925 
.02412 .34588 
.02443 .32904 
.02475 .27957 
.02506 .26361 
.02537 .32073 
.02569 .36807 
.026 .32851 
.02631 .25903 
.02662 .25309 
.02694 .32563 
.02725 .37105 
.02756 .3403 
.02787 .27451 
.02819 .23825 
.0285 .29647 
.02881 .38261 
.02912 .36183 
.02944 .27426 
.02975 .23592 
.03006 .30331 
.03038 .36793 
.03069 .34372 
.031 .28733 
.03131 .26846 
.03163 .3021 
.03194 .33305 
.03225 .32727 
.03256 .30651 
.03288 .2933 
.03319 .30115 
.0335 .32064 
.03381 .31605 
.03413 .2961 
.03444 .30177 
.03475 .32247 
.03507 .32257 
.03538 .30764 
.03569 .29274 
.036 .28882 
.03632 .31119 
.03663 .34092 
.03694 .33164 
.03725 .28726 
.03757 .26865 
.03788 .30991 
.03819 .34247 
.0385 .32256 
.03882 .29735 
.03913 .29813 
.03944 .30808 
.03976 .30906 
.04007 .30788 
.04038 .31538 
.04069 .32092 
.04101 .30686 
.04132 .29079 
.04163 .30501 
.04194 .32431 
.04226 .30895 
.04257 .29627 
.04288 .32021 
.04319 .32719 
.04351 .29139 
.04382 .27713 
.04413 .31896 
.04445 .34356 
.04476 .31726 
.04507 .29099 
.04538 .28807 
.0457 .29959 
.04601 .32611 
.04632 .34038 
.04663 .31165 
.04695 .27386 
.04726 .28545 
.04757 .33136 
.04788 .33886 
.0482 .30816 
.04851 .28995 
.04882 .29999 
.04914 .31058 
.04945 .31197 
.04976 .31592 
.05007 .31545 
.05039 .30674 
.0507 .3034 
.05101 .30696 
.05132 .30629 
.05164 .30239 
.05195 .30805 
.05226 .32451 
.05257 .32678 
.05289 .30245 
.0532 .28069 
.05351 .29339 
.05383 .32373 
.05414 .33257 
.05445 .32153 
.05476 .30943 
.05508 .29182 
.05539 .27418 
.0557 .29893 
.05601 .35391 
.05633 .35195 
.05664 .28868 
.05695 .2446 
.05726 .293 
.05758 .36723 
.05789 .34964 
.0582 .28042 
.05852 .25496 
.05883 .30864 
.05914 .35601 
.05945 .33273 
.05977 .2841 
.06008 .27446 
.06039 .31358 
.0607 .34388 
.06102 .3414 
.06133 .31866 
.06164 .27787 
.06195 .26876 
.06227 .32355 
.06258 .32634 
.06289 .24857 
.06321 .24395 
.06352 .36917 
.06383 .3843 
.06414 .28281 
.06446 .25808 
.06477 .34072 
.06508 .35185 
.06539 .30549 
.06571 .30155 
.06602 .31755 
.06633 .30226 
.06664 .28569 
.06696 .30487 
.06727 .33221 
.06758 .33065 
.0679 .31137 
.06821 .29187 
.06852 .26875 
.06883 .26853 
.06915 .3245 
.06946 .3634 
.06977 .33743 
.07008 .3055 
.0704 .29168 
.07071 .28569 
.07102 .30751 
.07133 .33092 
.07165 .30844 
.07196 .27868 
.07227 .29249 
.07259 .33052 
.0729 .34393 
.07321 .32443 
.07352 .29176 
.07384 .27119 
.07415 .28974 
.07446 .33752 
.07477 .34651 
.07509 .30616 
.0754 .28537 
.07571 .30273 
.07602 .3092 
.07634 .30703 
.07665 .31512 
.07696 .31699 
.07728 .31305 
.07759 .30907 
.0779 .29863 
.07821 .28682 
.07853 .29468 
.07884 .33282 
.07915 .35487 
.07946 .3213 
.07978 .26863 
.08009 .26342 
.0804 .3148 
.08071 .34732 
.08103 .33408 
.08134 .30217 
.08165 .27459 
.08197 .28228 
.08228 .32197 
.08259 .34415 
.0829 .32965 
.08322 .29533 
.08353 .27478 
.08384 .30202 
.08415 .34534 
.08447 .33859 
.08478 .29502 
.08509 .27367 
.0854 .29827 
.08572 .32018 
.08603 .30976 
.08634 .30721 
.08666 .31731 
.08697 .30836 
.08728 .29953 
.08759 .31209 
.08791 .32575 
.08822 .32409 
.08853 .30669 
.08884 .29275 
.08916 .30691 
.08947 .32555 
.08978 .30759 
.09009 .27187 
.09041 .27629 
.09072 .32652 
.09103 .35099 
.09135 .32832 
.09166 .29152 
.09197 .2719 
.09228 .29991 
.0926 .35465 
.09291 .36067 
.09322 .30854 
.09353 .25727 
.09385 .25733 
.09416 .29909 
.09447 .34154 
.09478 .35232 
.0951 .3142 
.09541 .26864 
.09572 .28425 
.09604 .33812 
.09635 .33822 
.09666 .29909 
.09697 .29731 
.09729 .33058 
.0976 .32464 
.09791 .28342 
.09822 .26544 
.09854 .29861 
.09885 .34508 
.09916 .34175 
.09947 .29655 
.09979 .26963 
.1001 .29278 
.10041 .33414 
.10073 .35116 
.10104 .33003 
.10135 .28171 
.10166 .26191 
.10198 .31687 
.10229 .35608 
.1026 .31025 
.10291 .26519 
.10323 .29449 
.10354 .33155 
.10385 .31848 
.10416 .30429 
.10448 .30586 
.10479 .30049 
.1051 .30918 
.10542 .33921 
.10573 .33506 
.10604 .29165 
.10635 .27542 
.10667 .314 
.10698 .33711 
.10729 .30262 
.1076 .25971 
.10792 .27467 
.10823 .3393 
.10854 .36462 
.10885 .33295 
.10917 .29463 
.10948 .284 
.10979 .29951 
.11011 .31516 
.11042 .31272 
.11073 .29737 
.11104 .29237 
.11136 .31603 
.11167 .33825 
.11198 .32235 
.11229 .29449 
.11261 .29531 
.11292 .31223 
.11323 .31102 
.11354 .30161 
.11386 .30601 
.11417 .31069 
.11448 .30526 
.1148 .30715 
.11511 .31627 
.11542 .3159 
.11573 .31038 
.11605 .31523 
.11636 .32288 
.11667 .30573 
.11698 .28313 
.1173 .3101 
.11761 .3512 
.11792 .32339 
.11823 .26106 
.11855 .2582 
.11886 .31987 
.11917 .3424 
.11949 .32111 
.1198 .31025 
.12011 .30556 
.12042 .29184 
.12074 .29314 
.12105 .32219 
.12136 .33599 
.12167 .30936 
.12199 .28206 
.1223 .29156 
.12261 .3191 
.12292 .33188 
.12324 .32759 
.12355 .31254 
.12386 .29854 
.12418 .29963 
.12449 .30787 
.1248 .30802 
.12511 .30713 
.12543 .31256 
.12574 .31126 
.12605 .29343 
.12636 .2726 
.12668 .29056 
.12699 .35397 
.1273 .37147 
.12761 .31533 
.12793 .26134 
.12824 .27207 
.12855 .32091 
.12887 .34437 
.12918 .33367 
.12949 .30453 
.1298 .27984 
.13012 .28391 
.13043 .30876 
.13074 .32401 
.13105 .32098 
.13137 .30946 
.13168 .30102 
.13199 .30242 
.1323 .30747 
.13262 .30635 
.13293 .31134 
.13324 .33032 
.13356 .32678 
.13387 .28845 
.13418 .27163 
.13449 .3136 
.13481 .34818 
.13512 .32419 
.13543 .28968 
.13574 .29448 
.13606 .31704 
.13637 .31527 
.13668 .29825 
.13699 .29469 
.13731 .31276 
.13762 .32694 
.13793 .31217 
.13825 .28956 
.13856 .29095 
.13887 .30839 
.13918 .32295 
.1395 .32996 
.13981 .32077 
.14012 .30565 
.14043 .3033 
.14075 .30668 
.14106 .31016 
.14137 .31542 
.14168 .31418 
.142 .30964 
.14231 .30148 
.14262 .28535 
.14294 .28735 
.14325 .31067 
.14356 .31971 
.14387 .32775 
.14419 .33618 
.1445 .29769 
.14481 .24822 
.14512 .29459 
.14544 .38503 
.14575 .36208 
.14606 .2685 
.14637 .22886 
.14669 .30997 
.147 .37822 
.14731 .33895 
.14763 .28136 
.14794 .27893 
.14825 .30981 
.14856 .32109 
.14888 .31554 
.14919 .30679 
.1495 .29743 
.14981 .30032 
.15013 .31516 
.15044 .32177 
.15075 .31474 
.15106 .30107 
.15138 .29101 
.15169 .30181 
.152 .33199 
.15232 .34151 
.15263 .30804 
.15294 .27213 
.15325 .29227 
.15357 .34136 
.15388 .33424 
.15419 .28116 
.1545 .25517 
.15482 .29797 
.15513 .35624 
.15544 .35616 
.15575 .30842 
.15607 .26668 
.15638 .27811 
.15669 .32977 
.15701 .34691 
.15732 .3136 
.15763 .27785 
.15794 .27869 
.15826 .31351 
.15857 .34158 
.15888 .33496 
.15919 .30447 
.15951 .27497 
.15982 .27812 
.16013 .32321 
.16044 .35076 
.16076 .32585 
.16107 .29345 
.16138 .28971 
.1617 .29789 
.16201 .30581 
.16232 .327 
.16263 .33902 
.16295 .30672 
.16326 .2581 
.16357 .27194 
.16388 .35206 
.1642 .3727 
.16451 .31305 
.16482 .25393 
.16513 .26193 
.16545 .32343 
.16576 .35085 
.16607 .32902 
.16639 .30351 
.1667 .29139 
.16701 .29024 
.16732 .30964 
.16764 .33464 
.16795 .32716 
.16826 .29193 
.16857 .26863 
.16889 .28806 
.1692 .33356 
.16951 .34621 
.16982 .3159 
.17014 .29742 
.17045 .31425 
.17076 .3164 
.17108 .29767 
.17139 .30498 
.1717 .32256 
.17201 .31039 
.17233 .29362 
.17264 .29432 
.17295 .29898 
.17326 .31212 
.17358 .33029 
.17389 .32169 
.1742 .29307 
.17451 .28619 
.17483 .30979 
.17514 .32278 
.17545 .31059 
.17577 .30449 
.17608 .32055 
.17639 .32999 
.1767 .31111 
.17702 .29396 
.17733 .30541 
.17764 .31778 
.17795 .30979 
.17827 .30325 
.17858 .30605 
.17889 .30227 
.1792 .29238 
.17952 .29807 
.17983 .32384 
.18014 .33014 
.18046 .30114 
.18077 .28872 
.18108 .32203 
.18139 .33671 
.18171 .30603 
.18202 .28666 
.18233 .30415 
.18264 .3236 
.18296 .32504 
.18327 .31299 
.18358 .29228 
.18389 .28276 
.18421 .30535 
.18452 .33485 
.18483 .32889 
.18515 .29581 
.18546 .28199 
.18577 .31132 
.18608 .3398 
.1864 .3257 
.18671 .29356 
.18702 .28401 
.18733 .30096 
.18765 .31535 
.18796 .31514 
.18827 .3054 
.18858 .29905 
.1889 .31412 
.18921 .33399 
.18952 .32411 
.18984 .28881 
.19015 .27335 
.19046 .31356 
.19077 .3517 
.19109 .32264 
.1914 .27205 
.19171 .27288 
.19202 .32241 
.19234 .35225 
.19265 .33629 
.19296 .29393 
.19327 .26329 
.19359 .28335 
.1939 .33138 
.19421 .34341 
.19453 .32044 
.19484 .29981 
.19515 .28899 
.19546 .28249 
.19578 .30312 
.19609 .34372 
.1964 .34406 
.19671 .30618 
.19703 .28477 
.19734 .29664 
.19765 .30782 
.19796 .30796 
.19828 .31695 
.19859 .32166 
.1989 .30137 
.19922 .27895 
.19953 .2973 
.19984 .35201 
.20015 .36446 
.20047 .30605 
.20078 .24218 
.20109 .25572 
.2014 .33481 
.20172 .36363 
.20203 .32217 
.20234 .27293 
.20265 .2739 
.20297 .32471 
.20328 .34594 
.20359 .31524 
.20391 .29211 
.20422 .30112 
.20453 .30703 
.20484 .30478 
.20516 .31982 
.20547 .33404 
.20578 .31766 
.20609 .28701 
.20641 .28174 
.20672 .31122 
.20703 .32947 
.20734 .30737 
.20766 .27748 
.20797 .28827 
.20828 .33597 
.2086 .35646 
.20891 .32872 
.20922 .28632 
.20953 .26648 
.20985 .29776 
.21016 .34885 
.21047 .3412 
.21078 .28106 
.2111 .25078 
.21141 .30326 
.21172 .3589 
.21203 .33916 
.21235 .2876 
.21266 .27275 
.21297 .31611 
.21329 .35192 
.2136 .32768 
.21391 .2791 
.21422 .27035 
.21454 .32283 
.21485 .3601 
.21516 .32671 
.21547 .26699 
.21579 .2436 
.2161 .28423 
.21641 .35 
.21672 .36474 
.21704 .31788 
.21735 .27143 
.21766 .2831 
.21798 .33094 
.21829 .34778 
.2186 .32692 
.21891 .29976 
.21923 .28683 
.21954 .28797 
.21985 .29684 
.22016 .30869 
.22048 .31917 
.22079 .33119 
.2211 .33231 
.22141 .30246 
.22173 .26782 
.22204 .28754 
.22235 .34294 
.22267 .3424 
.22298 .29069 
.22329 .25426 
.2236 .27558 
.22392 .34118 
.22423 .37432 
.22454 .33774 
.22485 .2821 
.22517 .26896 
.22548 .29528 
.22579 .31691 
.2261 .3344 
.22642 .34334 
.22673 .31122 
.22704 .25662 
.22736 .25841 
.22767 .34505 
.22798 .38602 
.22829 .32036 
.22861 .2323 
.22892 .23691 
.22923 .34742 
.22954 .3865 
.22986 .32848 
.23017 .28177 
.23048 .29213 
.23079 .31143 
.23111 .30657 
.23142 .30046 
.23173 .29741 
.23205 .2957 
.23236 .31191 
.23267 .3329 
.23298 .32488 
.2333 .29819 
.23361 .29689 
.23392 .32654 
.23423 .32999 
.23455 .29371 
.23486 .27318 
.23517 .29656 
.23548 .32274 
.2358 .32786 
.23611 .32184 
.23642 .30629 
.23674 .29263 
.23705 .29562 
.23736 .31749 
.23767 .34398 
.23799 .33647 
.2383 .28616 
.23861 .25247 
.23892 .30266 
.23924 .36536 
.23955 .33268 
.23986 .26124 
.24017 .26585 
.24049 .34351 
.2408 .35585 
.24111 .29791 
.24143 .26005 
.24174 .29464 
.24205 .3474 
.24236 .33369 
.24268 .284 
.24299 .28394 
.2433 .33558 
.24361 .34316 
.24393 .29697 
.24424 .26605 
.24455 .2933 
.24486 .33908 
.24518 .33786 
.24549 .30304 
.2458 .29167 
.24612 .31765 
.24643 .32515 
.24674 .29267 
.24705 .28301 
.24737 .33307 
.24768 .3545 
.24799 .29964 
.2483 .24916 
.24862 .28776 
.24893 .35791 
.24924 .35014 
.24955 .2981 
.24987 .27536 
.25018 .2948 
.25049 .31458 
.25081 .31792 
.25112 .31091 
.25143 .28531 
.25174 .2583 
.25206 .28538 
.25237 .35671 
.25268 .3712 
.25299 .32185 
.25331 .27763 
.25362 .27871 
.25393 .30936 
.25424 .33045 
.25456 .32805 
.25487 .30958 
.25518 .28946 
.2555 .28779 
.25581 .30613 
.25612 .31525 
.25643 .31026 
.25675 .31548 
.25706 .32414 
.25737 .31952 
.25768 .31505 
.258 .31199 
.25831 .29885 
.25862 .3003 
.25893 .33649 
.25925 .35595 
.25956 .32244 
.25987 .27704 
.26019 .26787 
.2605 .29255 
.26081 .31478 
.26112 .32577 
.26144 .32724 
.26175 .30951 
.26206 .28465 
.26237 .28272 
.26269 .29582 
.263 .29276 
.26331 .29337 
.26362 .32085 
.26394 .33248 
.26425 .30931 
.26456 .30011 
.26488 .32281 
.26519 .33385 
.2655 .32341 
.26581 .31615 
.26613 .30755 
.26644 .29037 
.26675 .29138 
.26706 .31858 
.26738 .33089 
.26769 .31717 
.268 .30502 
.26831 .30259 
.26863 .30246 
.26894 .30951 
.26925 .31872 
.26957 .31081 
.26988 .29594 
.27019 .29653 
.2705 .29657 
.27082 .28553 
.27113 .29353 
.27144 .31584 
.27175 .31719 
.27207 .3131 
.27238 .31808 
.27269 .3114 
.273 .30584 
.27332 .32685 
.27363 .33604 
.27394 .29466 
.27426 .24799 
.27457 .27688 
.27488 .35353 
.27519 .36354 
.27551 .3204 
.27582 .29089 
.27613 .29806 
.27644 .32772 
.27676 .34658 
.27707 .32244 
.27738 .27175 
.27769 .26562 
.27801 .32961 
.27832 .35706 
.27863 .31093 
.27895 .26982 
.27926 .28159 
.27957 .31122 
.27988 .31853 
.2802 .30595 
.28051 .28814 
.28082 .28965 
.28113 .31192 
.28145 .31953 
.28176 .31508 
.28207 .32629 
.28238 .33565 
.2827 .3167 
.28301 .29173 
.28332 .29386 
.28364 .31385 
.28395 .32442 
.28426 .32458 
.28457 .31323 
.28489 .28585 
.2852 .26646 
.28551 .29048 
.28582 .34071 
.28614 .35464 
.28645 .32066 
.28676 .27784 
.28707 .26833 
.28739 .30357 
.2877 .34227 
.28801 .34325 
.28833 .31201 
.28864 .27942 
.28895 .2859 
.28926 .3282 
.28958 .33926 
.28989 .30956 
.2902 .28976 
.29051 .29234 
.29083 .29769 
.29114 .30802 
.29145 .32153 
.29176 .32201 
.29208 .30637 
.29239 .28371 
.2927 .28915 
.29302 .33902 
.29333 .35181 
.29364 .29433 
.29395 .25209 
.29427 .29908 
.29458 .36817 
.29489 .36282 
.2952 .30237 
.29552 .25047 
.29583 .26328 
.29614 .32492 
.29645 .3497 
.29677 .31966 
.29708 .28847 
.29739 .30338 
.29771 .33597 
.29802 .32399 
.29833 .28557 
.29864 .2824 
.29896 .32319 
.29927 .34743 
.29958 .32203 
.29989 .26945 
.30021 .24642 
.30052 .30632 
.30083 .37188 
.30114 .33961 
.30146 .26204 
.30177 .24433 
.30208 .32 
.3024 .37347 
.30271 .34219 
.30302 .28349 
.30333 .26491 
.30365 .31368 
.30396 .35753 
.30427 .32902 
.30458 .2704 
.3049 .26541 
.30521 .3293 
.30552 .3541 
.30583 .30885 
.30615 .27713 
.30646 .31111 
.30677 .34935 
.30709 .32648 
.3074 .28332 
.30771 .28254 
.30802 .30956 
.30834 .30656 
.30865 .29668 
.30896 .31985 
.30927 .3252 
.30959 .284 
.3099 .27208 
.31021 .33475 
.31052 .37047 
.31084 .32514 
.31115 .27064 
.31146 .27602 
.31178 .32054 
.31209 .3326 
.3124 .31235 
.31271 .29724 
.31303 .30016 
.31334 .30794 
.31365 .30219 
.31396 .29385 
.31428 .3113 
.31459 .33416 
.3149 .31911 
.31521 .29199 
.31553 .30336 
.31584 .33144 
.31615 .32533 
.31646 .29766 
.31678 .28105 
.31709 .28846 
.3174 .31349 
.31772 .32587 
.31803 .30579 
.31834 .28351 
.31865 .30669 
.31897 .34744 
.31928 .33699 
.31959 .30687 
.3199 .3141 
.32022 .32219 
.32053 .29341 
.32084 .27666 
.32115 .29846 
.32147 .31897 
.32178 .32926 
.32209 .32977 
.32241 .29692 
.32272 .2626 
.32303 .28948 
.32334 .34227 
.32366 .34323 
.32397 .31151 
.32428 .28904 
.32459 .2878 
.32491 .30297 
.32522 .3157 
.32553 .3118 
.32584 .30867 
.32616 .31854 
.32647 .31622 
.32678 .29889 
.3271 .29941 
.32741 .31588 
.32772 .31764 
.32803 .31052 
.32835 .30979 
.32866 .30419 
.32897 .3004 
.32928 .32372 
.3296 .34074 
.32991 .31179 
.33022 .27794 
.33053 .28639 
.33085 .30837 
.33116 .30664 
.33147 .30402 
.33179 .31272 
.3321 .31364 
.33241 .30787 
.33272 .30863 
.33304 .31567 
.33335 .32321 
.33366 .32116 
.33397 .30704 
.33429 .29894 
.3346 .30437 
.33491 .30367 
.33522 .29731 
.33554 .31013 
.33585 .33108 
.33616 .3227 
.33648 .29319 
.33679 .29274 
.3371 .33338 
.33741 .34492 
.33773 .30171 
.33804 .26869 
.33835 .29389 
.33866 .33014 
.33898 .32418 
.33929 .29804 
.3396 .29163 
.33991 .31113 
.34023 .3249 
.34054 .31783 
.34085 .30757 
.34117 .30449 
.34148 .30441 
.34179 .30029 
.3421 .28555 
.34242 .27706 
.34273 .30315 
.34304 .34106 
.34335 .34758 
.34367 .3262 
.34398 .29375 
.34429 .27423 
.3446 .30385 
.34492 .35331 
.34523 .34758 
.34554 .29653 
.34586 .26317 
.34617 .28938 
.34648 .3349 
.34679 .33227 
.34711 .29951 
.34742 .28006 
.34773 .27117 
.34804 .27235 
.34836 .31433 
.34867 .3633 
.34898 .35275 
.34929 .2988 
.34961 .26497 
.34992 .30016 
.35023 .35479 
.35055 .34977 
.35086 .31064 
.35117 .28565 
.35148 .28744 
.3518 .30773 
.35211 .3237 
.35242 .32112 
.35273 .31458 
.35305 .31174 
.35336 .3006 
.35367 .28156 
.35398 .28368 
.3543 .32743 
.35461 .35475 
.35492 .31291 
.35524 .25372 
.35555 .2621 
.35586 .32845 
.35617 .34867 
.35649 .3143 
.3568 .28565 
.35711 .29323 
.35742 .31988 
.35774 .33531 
.35805 .32952 
.35836 .31273 
.35867 .30663 
.35899 .31902 
.3593 .32537 
.35961 .30467 
.35993 .27566 
.36024 .28141 
.36055 .32853 
.36086 .35111 
.36118 .31567 
.36149 .26744 
.3618 .26469 
.36211 .30672 
.36243 .33112 
.36274 .32171 
.36305 .30951 
.36336 .30503 
.36368 .29774 
.36399 .2907 
.3643 .30334 
.36462 .33271 
.36493 .34076 
.36524 .31358 
.36555 .2895 
.36587 .30667 
.36618 .33543 
.36649 .32715 
.3668 .30275 
.36712 .29897 
.36743 .30212 
.36774 .29292 
.36805 .29726 
.36837 .32337 
.36868 .32703 
.36899 .30051 
.36931 .28669 
.36962 .30509 
.36993 .32614 
.37024 .32439 
.37056 .30591 
.37087 .28794 
.37118 .29282 
.37149 .32122 
.37181 .33132 
.37212 .30634 
.37243 .2859 
.37274 .29801 
.37306 .31097 
.37337 .29946 
.37368 .29301 
.374 .31919 
.37431 .35061 
.37462 .34596 
.37493 .31453 
.37525 .28897 
.37556 .28636 
.37587 .30384 
.37618 .31673 
.3765 .30211 
.37681 .28607 
.37712 .30774 
.37743 .32597 
.37775 .30377 
.37806 .3006 
.37837 .33837 
.37869 .34326 
.379 .30713 
.37931 .28981 
.37962 .30838 
.37994 .32347 
.38025 .30794 
.38056 .28088 
.38087 .28449 
.38119 .3175 
.3815 .32378 
.38181 .29416 
.38212 .26978 
.38244 .28401 
.38275 .33661 
.38306 .37153 
.38338 .33975 
.38369 .27484 
.384 .2561 
.38431 .30787 
.38463 .34482 
.38494 .33265 
.38525 .31118 
.38556 .29784 
.38588 .2985 
.38619 .31736 
.3865 .33095 
.38681 .31539 
.38713 .2904 
.38744 .29142 
.38775 .31112 
.38807 .31267 
.38838 .29775 
.38869 .29824 
.389 .31492 
.38932 .3155 
.38963 .30728 
.38994 .32181 
.39025 .33358 
.39057 .31026 
.39088 .29253 
.39119 .31295 
.3915 .31805 
.39182 .28555 
.39213 .27872 
.39244 .31149 
.39276 .31534 
.39307 .29542 
.39338 .30826 
.39369 .3305 
.39401 .3113 
.39432 .28259 
.39463 .30528 
.39494 .35398 
.39526 .35022 
.39557 .30549 
.39588 .2821 
.39619 .30136 
.39651 .3195 
.39682 .31103 
.39713 .30249 
.39745 .30725 
.39776 .30408 
.39807 .28532 
.39838 .27842 
.3987 .3076 
.39901 .34533 
.39932 .3436 
.39963 .30477 
.39995 .26948 
.40026 .27757 
.40057 .32568 
.40088 .35565 
.4012 .33664 
.40151 .29395 
.40182 .27225 
.40214 .29946 
.40245 .33195 
.40276 .31806 
.40307 .29473 
.40339 .30819 
.4037 .32233 
.40401 .30469 
.40432 .29945 
.40464 .32648 
.40495 .33316 
.40526 .30167 
.40557 .27927 
.40589 .29755 
.4062 .32031 
.40651 .31358 
.40683 .2984 
.40714 .29538 
.40745 .30105 
.40776 .31381 
.40808 .32005 
.40839 .2976 
.4087 .27484 
.40901 .30917 
.40933 .36323 
.40964 .35127 
.40995 .30102 
.41026 .279 
.41058 .29347 
.41089 .31593 
.4112 .33414 
.41152 .32848 
.41183 .29226 
.41214 .27131 
.41245 .30292 
.41277 .33986 
.41308 .33594 
.41339 .31088 
.4137 .29447 
.41402 .29957 
.41433 .31046 
.41464 .31581 
.41495 .32805 
.41527 .32609 
.41558 .28738 
.41589 .25744 
.41621 .29056 
.41652 .34085 
.41683 .33606 
.41714 .29224 
.41746 .26853 
.41777 .30511 
.41808 .34267 
.41839 .31511 
.41871 .27519 
.41902 .28689 
.41933 .32457 
.41964 .33493 
.41996 .3174 
.42027 .29242 
.42058 .2934 
.4209 .33221 
.42121 .34864 
.42152 .31402 
.42183 .28586 
.42215 .30977 
.42246 .33964 
.42277 .3233 
.42308 .28573 
.4234 .27674 
.42371 .31584 
.42402 .34591 
.42433 .31042 
.42465 .25169 
.42496 .25818 
.42527 .33357 
.42559 .36153 
.4259 .31894 
.42621 .2756 
.42652 .27775 
.42684 .30573 
.42715 .32466 
.42746 .33648 
.42777 .33123 
.42809 .2991 
.4284 .27706 
.42871 .30084 
.42902 .3322 
.42934 .33081 
.42965 .31994 
.42996 .30952 
.43028 .2912 
.43059 .29362 
.4309 .33163 
.43121 .34946 
.43153 .31836 
.43184 .27611 
.43215 .2729 
.43246 .31912 
.43278 .34855 
.43309 .31375 
.4334 .2509 
.43371 .23224 
.43403 .29397 
.43434 .35382 
.43465 .3471 
.43497 .31233 
.43528 .28594 
.43559 .28544 
.4359 .32426 
.43622 .3627 
.43653 .35291 
.43684 .31883 
.43715 .2893 
.43747 .26681 
.43778 .28286 
.43809 .3427 
.4384 .35432 
.43872 .2971 
.43903 .24426 
.43934 .2587 
.43966 .3367 
.43997 .38806 
.44028 .3518 
.44059 .26782 
.44091 .22299 
.44122 .28827 
.44153 .37985 
.44184 .36943 
.44216 .29221 
.44247 .24161 
.44278 .28522 
.44309 .3513 
.44341 .33692 
.44372 .29745 
.44403 .2939 
.44435 .29167 
.44466 .27806 
.44497 .31234 
.44528 .36343 
.4456 .34296 
.44591 .28229 
.44622 .2639 
.44653 .31399 
.44685 .35397 
.44716 .33513 
.44747 .3036 
.44778 .30008 
.4481 .31403 
.44841 .31241 
.44872 .29145 
.44904 .29043 
.44935 .32461 
.44966 .32129 
.44997 .25555 
.45029 .2258 
.4506 .30748 
.45091 .36919 
.45122 .33894 
.45154 .30741 
.45185 .3037 
.45216 .29205 
.45247 .29378 
.45279 .34229 
.4531 .37036 
.45341 .33261 
.45373 .28092 
.45404 .27563 
.45435 .31917 
.45466 .34968 
.45498 .33355 
.45529 .30075 
.4556 .28837 
.45591 .29332 
.45623 .29731 
.45654 .31335 
.45685 .32907 
.45716 .30196 
.45748 .25729 
.45779 .26844 
.4581 .32573 
.45842 .3338 
.45873 .29425 
.45904 .2773 
.45935 .31218 
.45967 .34343 
.45998 .3213 
.46029 .29051 
.4606 .31211 
.46092 .34961 
.46123 .33789 
.46154 .30203 
.46185 .29329 
.46217 .31592 
.46248 .32674 
.46279 .31356 
.46311 .3057 
.46342 .30613 
.46373 .2956 
.46404 .28887 
.46436 .30105 
.46467 .29787 
.46498 .27058 
.46529 .28368 
.46561 .34893 
.46592 .35792 
.46623 .29645 
.46654 .2594 
.46686 .30597 
.46717 .35983 
.46748 .3379 
.4678 .28111 
.46811 .27085 
.46842 .32713 
.46873 .35807 
.46905 .32244 
.46936 .28345 
.46967 .2927 
.46998 .31512 
.4703 .30579 
.47061 .30318 
.47092 .32599 
.47123 .31732 
.47155 .27723 
.47186 .2735 
.47217 .31881 
.47249 .34902 
.4728 .33736 
.47311 .30099 
.47342 .2716 
.47374 .2939 
.47405 .34504 
.47436 .33947 
.47467 .28929 
.47499 .27448 
.4753 .3091 
.47561 .32315 
.47592 .30692 
.47624 .29879 
.47655 .29751 
.47686 .30272 
.47718 .31931 
.47749 .31343 
.4778 .29008 
.47811 .30536 
.47843 .33759 
.47874 .31612 
.47905 .27293 
.47936 .28585 
.47968 .34432 
.47999 .36164 
.4803 .33051 
.48061 .29591 
.48093 .28895 
.48124 .31564 
.48155 .33471 
.48187 .30834 
.48218 .28004 
.48249 .30944 
.4828 .34295 
.48312 .30996 
.48343 .26752 
.48374 .2952 
.48405 .3539 
.48437 .34664 
.48468 .28438 
.48499 .23999 
.4853 .2761 
.48562 .34861 
.48593 .34748 
.48624 .28312 
.48656 .24799 
.48687 .30668 
.48718 .36115 
.48749 .32499 
.48781 .28149 
.48812 .29602 
.48843 .31876 
.48874 .31267 
.48906 .30882 
.48937 .30992 
.48968 .30132 
.48999 .30159 
.49031 .32702 
.49062 .35064 
.49093 .34536 
.49125 .31984 
.49156 .29435 
.49187 .28804 
.49218 .3063 
.4925 .32015 
.49281 .3003 
.49312 .26417 
.49343 .25565 
.49375 .28428 
.49406 .31546 
.49437 .32817 
.49468 .31677 
.495 .29672 
.49531 .30707 
.49562 .33814 
.49594 .34159 
.49625 .31925 
.49656 .30307 
.49687 .31021 
.49719 .32072 
.4975 .30329 
.49781 .28562 
.49812 .31278 
.49844 .33311 
.49875 .29112 
.49906 .25667 
.49937 .31017 
.49969 .36696 
.5 .3429 
.50031 .30292 
.50063 .29492 
.50094 .30185 
.50125 .31166 
.50156 .32278 
.50188 .32039 
.50219 .30284 
.5025 .28733 
.50281 .28956 
.50313 .30868 
.50344 .32245 
.50375 .31974 
.50406 .31432 
.50438 .30644 
.50469 .28725 
.505 .28823 
.50532 .33399 
.50563 .35179 
.50594 .30014 
.50625 .24838 
.50657 .27314 
.50688 .34755 
.50719 .36979 
.5075 .32086 
.50782 .2578 
.50813 .26022 
.50844 .33884 
.50875 .37533 
.50907 .33324 
.50938 .28227 
.50969 .28286 
.51001 .32528 
.51032 .33573 
.51063 .30213 
.51094 .27766 
.51126 .28971 
.51157 .30835 
.51188 .30344 
.51219 .28341 
.51251 .27126 
.51282 .28868 
.51313 .33402 
.51344 .35962 
.51376 .33227 
.51407 .28433 
.51438 .26984 
.5147 .30547 
.51501 .34269 
.51532 .33803 
.51563 .30254 
.51595 .27162 
.51626 .28071 
.51657 .31905 
.51688 .32757 
.5172 .3047 
.51751 .29717 
.51782 .31634 
.51813 .33363 
.51845 .33403 
.51876 .33227 
.51907 .3403 
.51939 .34651 
.5197 .33824 
.52001 .31886 
.52032 .2984 
.52064 .28844 
.52095 .29436 
.52126 .3051 
.52157 .30057 
.52189 .27407 
.5222 .24926 
.52251 .26535 
.52282 .31439 
.52314 .33036 
.52345 .29718 
.52376 .26887 
.52408 .29456 
.52439 .35071 
.5247 .36996 
.52501 .33343 
.52533 .27654 
.52564 .25592 
.52595 .29533 
.52626 .34009 
.52658 .34616 
.52689 .32139 
.5272 .2812 
.52751 .26644 
.52783 .31731 
.52814 .37255 
.52845 .36289 
.52877 .31884 
.52908 .282 
.52939 .28086 
.5297 .32754 
.53002 .35935 
.53033 .32088 
.53064 .25641 
.53095 .24141 
.53127 .29498 
.53158 .3379 
.53189 .31548 
.5322 .26069 
.53252 .24335 
.53283 .30807 
.53314 .36996 
.53346 .34577 
.53377 .28824 
.53408 .27362 
.53439 .31857 
.53471 .36075 
.53502 .35396 
.53533 .3209 
.53564 .29669 
.53596 .29487 
.53627 .31135 
.53658 .32979 
.53689 .32946 
.53721 .31598 
.53752 .31163 
.53783 .30849 
.53815 .29337 
.53846 .29628 
.53877 .33019 
.53908 .34272 
.5394 .31277 
.53971 .28333 
.54002 .29153 
.54033 .31816 
.54065 .32379 
.54096 .31296 
.54127 .2971 
.54158 .26871 
.5419 .25121 
.54221 .2857 
.54252 .33071 
.54284 .32202 
.54315 .2957 
.54346 .30781 
.54377 .33201 
.54409 .31373 
.5444 .28622 
.54471 .3027 
.54502 .32887 
.54534 .31804 
.54565 .2912 
.54596 .27727 
.54627 .2832 
.54659 .29656 
.5469 .30733 
.54721 .31309 
.54753 .30436 
.54784 .29753 
.54815 .32256 
.54846 .35282 
.54878 .3522 
.54909 .33388 
.5494 .31187 
.54971 .30089 
.55003 .32015 
.55034 .34047 
.55065 .31735 
.55096 .27215 
.55128 .25859 
.55159 .28761 
.5519 .31265 
.55222 .31103 
.55253 .2994 
.55284 .29368 
.55315 .3036 
.55347 .32648 
.55378 .33856 
.55409 .31801 
.5544 .27791 
.55472 .26722 
.55503 .31452 
.55534 .34969 
.55565 .32024 
.55597 .28672 
.55628 .31023 
.55659 .35446 
.55691 .35835 
.55722 .33708 
.55753 .32684 
.55784 .32795 
.55816 .31795 
.55847 .2956 
.55878 .28 
.55909 .27866 
.55941 .2851 
.55972 .29191 
.56003 .28418 
.56034 .26375 
.56066 .27513 
.56097 .32874 
.56128 .34689 
.5616 .3103 
.56191 .27862 
.56222 .28301 
.56253 .30459 
.56285 .32833 
.56316 .35012 
.56347 .35311 
.56378 .33118 
.5641 .30175 
.56441 .29235 
.56472 .32157 
.56503 .35835 
.56535 .35115 
.56566 .31465 
.56597 .30007 
.56629 .32119 
.5666 .34045 
.56691 .33095 
.56722 .3064 
.56754 .28905 
.56785 .28737 
.56816 .29223 
.56847 .2838 
.56879 .2623 
.5691 .26329 
.56941 .30253 
.56972 .33063 
.57004 .3219 
.57035 .30323 
.57066 .27839 
.57098 .24949 
.57129 .27946 
.5716 .3666 
.57191 .36698 
.57223 .27488 
.57254 .20964 
.57285 .26596 
.57316 .3554 
.57348 .35312 
.57379 .3089 
.5741 .27904 
.57441 .28527 
.57473 .33927 
.57504 .38796 
.57535 .37028 
.57567 .32089 
.57598 .30638 
.57629 .33034 
.5766 .33229 
.57692 .30308 
.57723 .28987 
.57754 .30586 
.57785 .30211 
.57817 .2583 
.57848 .23152 
.57879 .28744 
.5791 .36503 
.57942 .35881 
.57973 .30302 
.58004 .28573 
.58036 .32822 
.58067 .35773 
.58098 .34553 
.58129 .317 
.58161 .27948 
.58192 .25477 
.58223 .28361 
.58254 .33015 
.58286 .3165 
.58317 .2629 
.58348 .23262 
.58379 .24846 
.58411 .29681 
.58442 .3542 
.58473 .36156 
.58505 .29115 
.58536 .21165 
.58567 .25398 
.58598 .393 
.5863 .41238 
.58661 .34239 
.58692 .29654 
.58723 .30115 
.58755 .31929 
.58786 .34083 
.58817 .36643 
.58848 .35839 
.5888 .31327 
.58911 .28083 
.58942 .30404 
.58974 .3547 
.59005 .3565 
.59036 .30169 
.59067 .26041 
.59099 .28762 
.5913 .31517 
.59161 .27611 
.59192 .23394 
.59224 .25146 
.59255 .27587 
.59286 .2506 
.59317 .22661 
.59349 .2699 
.5938 .34395 
.59411 .35805 
.59443 .32711 
.59474 .32175 
.59505 .35902 
.59536 .38731 
.59568 .36829 
.59599 .32108 
.5963 .30438 
.59661 .3422 
.59693 .35614 
.59724 .31425 
.59755 .28644 
.59786 .30102 
.59818 .30477 
.59849 .30106 
.5988 .32939 
.59912 .338 
.59943 .29245 
.59974 .25926 
.60005 .29767 
.60037 .34346 
.60068 .31834 
.60099 .26424 
.6013 .2513 
.60162 .28673 
.60193 .31088 
.60224 .29506 
.60255 .27135 
.60287 .26946 
.60318 .27439 
.60349 .2825 
.60381 .32094 
.60412 .35252 
.60443 .3292 
.60474 .28927 
.60506 .29914 
.60537 .36534 
.60568 .40631 
.60599 .384 
.60631 .33445 
.60662 .30447 
.60693 .33212 
.60724 .37965 
.60756 .36161 
.60787 .2954 
.60818 .2611 
.6085 .28706 
.60881 .30936 
.60912 .29182 
.60943 .25881 
.60975 .22589 
.61006 .21138 
.61037 .23861 
.61068 .27367 
.611 .26686 
.61131 .25126 
.61162 .27856 
.61193 .32912 
.61225 .37656 
.61256 .41374 
.61287 .39211 
.61319 .32245 
.6135 .30239 
.61381 .37179 
.61412 .39783 
.61444 .33342 
.61475 .271 
.61506 .2811 
.61537 .33018 
.61569 .33867 
.616 .30786 
.61631 .27775 
.61662 .27134 
.61694 .28883 
.61725 .31215 
.61756 .31837 
.61788 .30049 
.61819 .27511 
.6185 .2728 
.61881 .30647 
.61913 .33794 
.61944 .32528 
.61975 .28928 
.62006 .28146 
.62038 .30845 
.62069 .32073 
.621 .29979 
.62131 .27824 
.62163 .29411 
.62194 .32691 
.62225 .3189 
.62257 .29671 
.62288 .32354 
.62319 .35949 
.6235 .33713 
.62382 .29519 
.62413 .29837 
.62444 .33271 
.62475 .33582 
.62507 .31686 
.62538 .31502 
.62569 .32055 
.626 .30777 
.62632 .28985 
.62663 .29702 
.62694 .31938 
.62726 .31823 
.62757 .29679 
.62788 .28028 
.62819 .27461 
.62851 .28481 
.62882 .30836 
.62913 .31589 
.62944 .30594 
.62976 .30755 
.63007 .31242 
.63038 .30133 
.63069 .29797 
.63101 .31793 
.63132 .32687 
.63163 .3037 
.63195 .27681 
.63226 .27842 
.63257 .30189 
.63288 .32239 
.6332 .33769 
.63351 .34449 
.63382 .33618 
.63413 .32763 
.63445 .32837 
.63476 .32914 
.63507 .33042 
.63538 .32971 
.6357 .30736 
.63601 .26857 
.63632 .25586 
.63664 .28821 
.63695 .31334 
.63726 .29877 
.63757 .27875 
.63789 .28357 
.6382 .30176 
.63851 .2992 
.63882 .28236 
.63914 .30924 
.63945 .3651 
.63976 .35566 
.64007 .30876 
.64039 .31877 
.6407 .36507 
.64101 .35586 
.64133 .30705 
.64164 .27517 
.64195 .28852 
.64226 .32664 
.64258 .3248 
.64289 .27731 
.6432 .25114 
.64351 .28398 
.64383 .32107 
.64414 .31786 
.64445 .29579 
.64476 .2833 
.64508 .29095 
.64539 .30334 
.6457 .30137 
.64602 .29456 
.64633 .29565 
.64664 .30159 
.64695 .3234 
.64727 .36204 
.64758 .36371 
.64789 .32269 
.6482 .31506 
.64852 .36035 
.64883 .36718 
.64914 .32002 
.64945 .29156 
.64977 .30574 
.65008 .30835 
.65039 .28629 
.65071 .28424 
.65102 .30144 
.65133 .29079 
.65164 .24924 
.65196 .22293 
.65227 .25791 
.65258 .32239 
.65289 .33261 
.65321 .29252 
.65352 .26066 
.65383 .26783 
.65414 .30561 
.65446 .35345 
.65477 .38496 
.65508 .38083 
.6554 .34622 
.65571 .31203 
.65602 .31981 
.65633 .35672 
.65665 .36635 
.65696 .35409 
.65727 .33835 
.65758 .30432 
.6579 .26618 
.65821 .26998 
.65852 .30782 
.65883 .30852 
.65915 .25201 
.65946 .1881 
.65977 .19 
.66009 .25893 
.6604 .29044 
.66071 .28129 
.66102 .30367 
.66134 .34851 
.66165 .36666 
.66196 .36048 
.66227 .3574 
.66259 .37502 
.6629 .39333 
.66321 .37478 
.66352 .32724 
.66384 .29677 
.66415 .31216 
.66446 .33831 
.66478 .32607 
.66509 .2846 
.6654 .26029 
.66571 .27718 
.66603 .2951 
.66634 .27913 
.66665 .25107 
.66696 .23214 
.66728 .22546 
.66759 .25462 
.6679 .31723 
.66821 .32574 
.66853 .26574 
.66884 .25691 
.66915 .37738 
.66947 .45549 
.66978 .41433 
.67009 .35542 
.6704 .33979 
.67072 .35248 
.67103 .35199 
.67134 .3411 
.67165 .33106 
.67197 .30467 
.67228 .26175 
.67259 .23247 
.6729 .23325 
.67322 .2483 
.67353 .26109 
.67384 .2584 
.67416 .22379 
.67447 .18636 
.67478 .24714 
.67509 .39847 
.67541 .44545 
.67572 .39237 
.67603 .33629 
.67634 .32026 
.67666 .34947 
.67697 .39093 
.67728 .39424 
.67759 .3497 
.67791 .29476 
.67822 .27969 
.67853 .31215 
.67885 .3279 
.67916 .29138 
.67947 .24367 
.67978 .23916 
.6801 .2766 
.68041 .29052 
.68072 .25754 
.68103 .22933 
.68135 .25665 
.68166 .30614 
.68197 .31424 
.68228 .29602 
.6826 .30342 
.68291 .35544 
.68322 .40258 
.68354 .39408 
.68385 .35957 
.68416 .35498 
.68447 .37052 
.68479 .35366 
.6851 .31056 
.68541 .28847 
.68572 .303 
.68604 .31001 
.68635 .27645 
.68666 .2293 
.68697 .21133 
.68729 .23495 
.6876 .26637 
.68791 .26018 
.68822 .21922 
.68854 .21724 
.68885 .32534 
.68916 .42984 
.68948 .43112 
.68979 .3964 
.6901 .36688 
.69041 .3482 
.69073 .35373 
.69104 .36509 
.69135 .3491 
.69166 .31913 
.69198 .29678 
.69229 .27741 
.6926 .26161 
.69291 .25493 
.69323 .23917 
.69354 .21818 
.69385 .24163 
.69417 .29143 
.69448 .2827 
.69479 .25996 
.6951 .32944 
.69542 .41635 
.69573 .4065 
.69604 .3563 
.69635 .32892 
.69667 .33039 
.69698 .33835 
.69729 .33913 
.6976 .328 
.69792 .30329 
.69823 .28042 
.69854 .2784 
.69886 .28633 
.69917 .28021 
.69948 .25849 
.69979 .23575 
.70011 .23926 
.70042 .28857 
.70073 .34339 
.70104 .35228 
.70136 .32803 
.70167 .31844 
.70198 .35448 
.70229 .39239 
.70261 .37557 
.70292 .33232 
.70323 .31598 
.70355 .32429 
.70386 .31439 
.70417 .28419 
.70448 .26849 
.7048 .27303 
.70511 .26026 
.70542 .23305 
.70573 .25249 
.70605 .30548 
.70636 .29805 
.70667 .25137 
.70698 .27058 
.7073 .36075 
.70761 .40352 
.70792 .39011 
.70824 .36483 
.70855 .33505 
.70886 .31791 
.70917 .33497 
.70949 .35065 
.7098 .3193 
.71011 .26666 
.71042 .24772 
.71074 .26549 
.71105 .27459 
.71136 .27878 
.71167 .29839 
.71199 .29732 
.7123 .27277 
.71261 .29233 
.71293 .34781 
.71324 .34116 
.71355 .29316 
.71386 .30588 
.71418 .37092 
.71449 .37086 
.7148 .31833 
.71511 .29769 
.71543 .3147 
.71574 .31768 
.71605 .3221 
.71636 .34067 
.71668 .3112 
.71699 .24263 
.7173 .24455 
.71762 .33187 
.71793 .3491 
.71824 .29078 
.71855 .25257 
.71887 .26661 
.71918 .30312 
.71949 .32833 
.7198 .32914 
.72012 .31072 
.72043 .29213 
.72074 .29769 
.72105 .3305 
.72137 .34968 
.72168 .32738 
.72199 .29823 
.72231 .31174 
.72262 .34796 
.72293 .34362 
.72324 .30968 
.72356 .29436 
.72387 .30187 
.72418 .31017 
.72449 .31447 
.72481 .3037 
.72512 .27183 
.72543 .25488 
.72574 .28616 
.72606 .32207 
.72637 .313 
.72668 .28335 
.727 .27632 
.72731 .30553 
.72762 .33936 
.72793 .34382 
.72825 .32922 
.72856 .31969 
.72887 .31948 
.72918 .32445 
.7295 .33575 
.72981 .33965 
.73012 .31932 
.73043 .29388 
.73075 .29332 
.73106 .3145 
.73137 .33071 
.73169 .31493 
.732 .26468 
.73231 .22998 
.73262 .27106 
.73294 .33295 
.73325 .32211 
.73356 .26902 
.73387 .24753 
.73419 .29575 
.7345 .36606 
.73481 .38236 
.73512 .34298 
.73544 .29606 
.73575 .29572 
.73606 .34671 
.73638 .38008 
.73669 .35596 
.737 .30026 
.73731 .25998 
.73763 .26955 
.73794 .30316 
.73825 .30949 
.73856 .28788 
.73888 .25132 
.73919 .21497 
.7395 .2347 
.73981 .32739 
.74013 .37627 
.74044 .35046 
.74075 .33072 
.74107 .34651 
.74138 .36376 
.74169 .36774 
.742 .35905 
.74232 .32479 
.74263 .27762 
.74294 .25972 
.74325 .27919 
.74357 .29253 
.74388 .27931 
.74419 .25218 
.7445 .2351 
.74482 .26561 
.74513 .3361 
.74544 .37299 
.74576 .35122 
.74607 .31919 
.74638 .3218 
.74669 .34143 
.74701 .34335 
.74732 .33626 
.74763 .31968 
.74794 .28397 
.74826 .26226 
.74857 .28712 
.74888 .32262 
.74919 .32735 
.74951 .30753 
.74982 .28665 
.75013 .29104 
.75045 .31768 
.75076 .32936 
.75107 .31098 
.75138 .28833 
.7517 .29518 
.75201 .31268 
.75232 .29898 
.75263 .29068 
.75295 .3273 
.75326 .33864 
.75357 .29423 
.75388 .27313 
.7542 .31698 
.75451 .35167 
.75482 .33171 
.75514 .29466 
.75545 .27818 
.75576 .29826 
.75607 .34158 
.75639 .35912 
.7567 .3258 
.75701 .27995 
.75732 .28427 
.75764 .33782 
.75795 .35166 
.75826 .30374 
.75857 .25456 
.75889 .25457 
.7592 .29141 
.75951 .31836 
.75983 .31849 
.76014 .28784 
.76045 .24759 
.76076 .27149 
.76108 .36487 
.76139 .38556 
.7617 .31564 
.76201 .26777 
.76233 .32257 
.76264 .39215 
.76295 .37103 
.76326 .30755 
.76358 .27096 
.76389 .2907 
.7642 .33223 
.76452 .32319 
.76483 .26222 
.76514 .22456 
.76545 .26482 
.76577 .30693 
.76608 .28888 
.76639 .2833 
.7667 .32755 
.76702 .35132 
.76733 .34212 
.76764 .35321 
.76795 .3706 
.76827 .3488 
.76858 .31051 
.76889 .30163 
.76921 .30989 
.76952 .29178 
.76983 .26124 
.77014 .2601 
.77046 .28141 
.77077 .28742 
.77108 .28057 
.77139 .28321 
.77171 .29736 
.77202 .32395 
.77233 .35526 
.77264 .35511 
.77296 .3236 
.77327 .30768 
.77358 .33091 
.7739 .35789 
.77421 .35209 
.77452 .31885 
.77483 .28713 
.77515 .28631 
.77546 .30495 
.77577 .29292 
.77608 .25251 
.7764 .245 
.77671 .28385 
.77702 .29719 
.77733 .27583 
.77765 .28917 
.77796 .34497 
.77827 .37231 
.77859 .36156 
.7789 .34405 
.77921 .32809 
.77952 .32334 
.77984 .33305 
.78015 .32743 
.78046 .29859 
.78077 .28141 
.78109 .28659 
.7814 .28336 
.78171 .27016 
.78202 .27926 
.78234 .30098 
.78265 .29204 
.78296 .27253 
.78328 .30594 
.78359 .36935 
.7839 .37667 
.78421 .33443 
.78453 .30006 
.78484 .31558 
.78515 .36056 
.78546 .35527 
.78578 .28415 
.78609 .219 
.7864 .25115 
.78671 .34187 
.78703 .34405 
.78734 .26835 
.78765 .21337 
.78797 .26277 
.78828 .36205 
.78859 .37431 
.7889 .32484 
.78922 .2922 
.78953 .30416 
.78984 .3389 
.79015 .35901 
.79047 .34869 
.79078 .31977 
.79109 .29767 
.7914 .29654 
.79172 .30054 
.79203 .29638 
.79234 .28908 
.79266 .28059 
.79297 .28069 
.79328 .30094 
.79359 .31873 
.79391 .31729 
.79422 .31954 
.79453 .32545 
.79484 .31396 
.79516 .29675 
.79547 .29064 
.79578 .29294 
.79609 .30093 
.79641 .30636 
.79672 .30176 
.79703 .30342 
.79735 .31537 
.79766 .32037 
.79797 .33328 
.79828 .36024 
.7986 .35697 
.79891 .31697 
.79922 .28997 
.79953 .30182 
.79985 .31848 
.80016 .31243 
.80047 .29327 
.80078 .27341 
.8011 .26817 
.80141 .28825 
.80172 .3073 
.80204 .30132 
.80235 .29695 
.80266 .31329 
.80297 .32146 
.80329 .30747 
.8036 .30277 
.80391 .32602 
.80422 .34439 
.80454 .33116 
.80485 .307 
.80516 .30362 
.80547 .32021 
.80579 .3245 
.8061 .3078 
.80641 .29481 
.80673 .29404 
.80704 .28829 
.80735 .28398 
.80766 .30728 
.80798 .33821 
.80829 .33377 
.8086 .3075 
.80891 .29795 
.80923 .31514 
.80954 .33517 
.80985 .32524 
.81016 .28524 
.81048 .25956 
.81079 .28595 
.8111 .32688 
.81142 .32598 
.81173 .30088 
.81204 .29437 
.81235 .30886 
.81267 .31948 
.81298 .32459 
.81329 .32949 
.8136 .32346 
.81392 .30051 
.81423 .27416 
.81454 .27821 
.81485 .32634 
.81517 .35436 
.81548 .3221 
.81579 .2774 
.81611 .27616 
.81642 .3214 
.81673 .35921 
.81704 .34836 
.81736 .30212 
.81767 .26572 
.81798 .28094 
.81829 .32833 
.81861 .34062 
.81892 .30581 
.81923 .26113 
.81954 .25013 
.81986 .29675 
.82017 .3533 
.82048 .34649 
.8208 .28831 
.82111 .25069 
.82142 .29569 
.82173 .3756 
.82205 .38321 
.82236 .32364 
.82267 .26889 
.82298 .28128 
.8233 .3354 
.82361 .34574 
.82392 .31531 
.82423 .28346 
.82455 .26173 
.82486 .26524 
.82517 .2998 
.82549 .32955 
.8258 .33148 
.82611 .31197 
.82642 .28842 
.82674 .29898 
.82705 .34663 
.82736 .36501 
.82767 .33252 
.82799 .29483 
.8283 .28792 
.82861 .30142 
.82892 .30979 
.82924 .30383 
.82955 .27939 
.82986 .26063 
.83018 .29155 
.83049 .33597 
.8308 .31883 
.83111 .27019 
.83143 .27671 
.83174 .35359 
.83205 .3929 
.83236 .35188 
.83268 .2917 
.83299 .28139 
.8333 .33073 
.83361 .3569 
.83393 .31812 
.83424 .26806 
.83455 .26694 
.83487 .29531 
.83518 .29005 
.83549 .27272 
.8358 .29067 
.83612 .30892 
.83643 .29456 
.83674 .29454 
.83705 .33115 
.83737 .35258 
.83768 .33911 
.83799 .32768 
.8383 .338 
.83862 .3433 
.83893 .3197 
.83924 .28712 
.83956 .28195 
.83987 .30226 
.84018 .30393 
.84049 .27581 
.84081 .25212 
.84112 .26632 
.84143 .31155 
.84174 .34056 
.84206 .33786 
.84237 .32589 
.84268 .31631 
.84299 .32353 
.84331 .35206 
.84362 .35381 
.84393 .31313 
.84425 .28506 
.84456 .29647 
.84487 .30229 
.84518 .28922 
.8455 .28409 
.84581 .27232 
.84612 .25241 
.84643 .28234 
.84675 .35138 
.84706 .35926 
.84737 .31068 
.84768 .28529 
.848 .32453 
.84831 .37284 
.84862 .35747 
.84894 .29812 
.84925 .26623 
.84956 .29928 
.84987 .33349 
.85019 .31499 
.8505 .27829 
.85081 .26451 
.85112 .28189 
.85144 .3088 
.85175 .31959 
.85206 .31327 
.85237 .3074 
.85269 .3201 
.853 .34276 
.85331 .33778 
.85363 .30729 
.85394 .30553 
.85425 .33972 
.85456 .33765 
.85488 .29057 
.85519 .26435 
.8555 .28452 
.85581 .29984 
.85613 .28829 
.85644 .28019 
.85675 .29291 
.85706 .3171 
.85738 .32323 
.85769 .30785 
.858 .31554 
.85832 .34925 
.85863 .35407 
.85894 .32887 
.85925 .30755 
.85957 .29997 
.85988 .30747 
.86019 .32151 
.8605 .31194 
.86082 .27469 
.86113 .25985 
.86144 .30589 
.86175 .34532 
.86207 .3165 
.86238 .27356 
.86269 .28293 
.86301 .31985 
.86332 .32471 
.86363 .31069 
.86394 .30565 
.86426 .30397 
.86457 .30551 
.86488 .32555 
.86519 .34583 
.86551 .32844 
.86582 .28936 
.86613 .29004 
.86644 .33566 
.86676 .33978 
.86707 .28865 
.86738 .25502 
.8677 .28509 
.86801 .33321 
.86832 .33703 
.86863 .29938 
.86895 .2642 
.86926 .28261 
.86957 .33304 
.86988 .33672 
.8702 .30633 
.87051 .30096 
.87082 .3242 
.87113 .33548 
.87145 .31904 
.87176 .30045 
.87207 .31276 
.87239 .33307 
.8727 .32096 
.87301 .29851 
.87332 .28899 
.87364 .27785 
.87395 .27221 
.87426 .29351 
.87457 .31242 
.87489 .29654 
.8752 .27266 
.87551 .28999 
.87582 .3495 
.87614 .38347 
.87645 .35824 
.87676 .31364 
.87708 .30699 
.87739 .33938 
.8777 .34274 
.87801 .29991 
.87833 .26312 
.87864 .27264 
.87895 .30214 
.87926 .29969 
.87958 .26683 
.87989 .24667 
.8802 .27994 
.88051 .34725 
.88083 .36696 
.88114 .32368 
.88145 .28385 
.88177 .30695 
.88208 .35893 
.88239 .36222 
.8827 .32424 
.88302 .29335 
.88333 .29194 
.88364 .30681 
.88395 .31078 
.88427 .29016 
.88458 .26603 
.88489 .28163 
.8852 .32548 
.88552 .32804 
.88583 .29251 
.88614 .28935 
.88646 .33648 
.88677 .3584 
.88708 .33259 
.88739 .30633 
.88771 .29506 
.88802 .28559 
.88833 .29305 
.88864 .32067 
.88896 .31805 
.88927 .28037 
.88958 .2668 
.88989 .29804 
.89021 .33065 
.89052 .34256 
.89083 .33573 
.89115 .31333 
.89146 .29657 
.89177 .30796 
.89208 .33294 
.8924 .33751 
.89271 .31855 
.89302 .29446 
.89333 .28233 
.89365 .28493 
.89396 .29128 
.89427 .30347 
.89458 .31775 
.8949 .30404 
.89521 .26679 
.89552 .27017 
.89584 .34183 
.89615 .37809 
.89646 .32955 
.89677 .27596 
.89709 .29052 
.8974 .3415 
.89771 .35359 
.89802 .32669 
.89834 .28411 
.89865 .25442 
.89896 .28757 
.89927 .35631 
.89959 .35384 
.8999 .28685 
.90021 .24669 
.90053 .29082 
.90084 .34342 
.90115 .32806 
.90146 .29464 
.90178 .28903 
.90209 .29777 
.9024 .31142 
.90271 .33405 
.90303 .33872 
.90334 .30982 
.90365 .28569 
.90396 .31125 
.90428 .34742 
.90459 .3238 
.9049 .27243 
.90522 .27716 
.90553 .33127 
.90584 .33435 
.90615 .29003 
.90647 .26994 
.90678 .29124 
.90709 .31949 
.9074 .33338 
.90772 .32423 
.90803 .29786 
.90834 .29019 
.90865 .32442 
.90897 .35354 
.90928 .33299 
.90959 .29745 
.90991 .29025 
.91022 .29474 
.91053 .28776 
.91084 .2906 
.91116 .30239 
.91147 .30027 
.91178 .29772 
.91209 .3021 
.91241 .30618 
.91272 .32679 
.91303 .34867 
.91334 .33221 
.91366 .30149 
.91397 .308 
.91428 .33589 
.9146 .32358 
.91491 .2821 
.91522 .28424 
.91553 .33278 
.91585 .33274 
.91616 .28383 
.91647 .26618 
.91678 .29548 
.9171 .31618 
.91741 .32001 
.91772 .32386 
.91803 .31464 
.91835 .29199 
.91866 .28797 
.91897 .32369 
.91929 .35466 
.9196 .33132 
.91991 .28368 
.92022 .27091 
.92054 .30146 
.92085 .32711 
.92116 .32491 
.92147 .30431 
.92179 .28396 
.9221 .29133 
.92241 .32401 
.92272 .33748 
.92304 .31576 
.92335 .28428 
.92366 .2838 
.92398 .32569 
.92429 .3474 
.9246 .31685 
.92491 .28475 
.92523 .29415 
.92554 .3199 
.92585 .32378 
.92616 .31421 
.92648 .30426 
.92679 .29165 
.9271 .28461 
.92741 .29672 
.92773 .31946 
.92804 .33249 
.92835 .32281 
.92867 .29235 
.92898 .2791 
.92929 .31608 
.9296 .352 
.92992 .33601 
.93023 .30217 
.93054 .29766 
.93085 .31581 
.93117 .31345 
.93148 .30211 
.93179 .31727 
.9321 .32576 
.93242 .29032 
.93273 .24873 
.93304 .26552 
.93336 .33514 
.93367 .35371 
.93398 .29735 
.93429 .24947 
.93461 .28163 
.93492 .34771 
.93523 .36125 
.93554 .33603 
.93586 .31529 
.93617 .31089 
.93648 .31109 
.93679 .3137 
.93711 .32579 
.93742 .32615 
.93773 .29245 
.93805 .2597 
.93836 .28198 
.93867 .32933 
.93898 .32829 
.9393 .29141 
.93961 .27287 
.93992 .29427 
.94023 .3209 
.94055 .32681 
.94086 .33136 
.94117 .33098 
.94148 .30433 
.9418 .27402 
.94211 .2856 
.94242 .3351 
.94274 .35757 
.94305 .32376 
.94336 .27238 
.94367 .26483 
.94399 .3121 
.9443 .34676 
.94461 .34158 
.94492 .32094 
.94524 .29199 
.94555 .26667 
.94586 .28607 
.94617 .34422 
.94649 .35166 
.9468 .29386 
.94711 .24977 
.94743 .28408 
.94774 .34475 
.94805 .34304 
.94836 .29454 
.94868 .25849 
.94899 .2846 
.9493 .34452 
.94961 .34959 
.94993 .30714 
.95024 .29054 
.95055 .32658 
.95086 .35151 
.95118 .32571 
.95149 .29353 
.9518 .29897 
.95212 .31819 
.95243 .30719 
.95274 .28032 
.95305 .27842 
.95337 .3033 
.95368 .31217 
.95399 .29143 
.9543 .27694 
.95462 .30469 
.95493 .35023 
.95524 .35152 
.95555 .31163 
.95587 .29229 
.95618 .32687 
.95649 .35281 
.95681 .31762 
.95712 .26987 
.95743 .28081 
.95774 .33204 
.95806 .32972 
.95837 .27597 
.95868 .25227 
.95899 .29392 
.95931 .32962 
.95962 .32151 
.95993 .31547 
.96024 .32255 
.96056 .31304 
.96087 .30257 
.96118 .32486 
.9615 .34679 
.96181 .32811 
.96212 .29588 
.96243 .28442 
.96275 .28842 
.96306 .29691 
.96337 .31352 
.96368 .31997 
.964 .29896 
.96431 .27819 
.96462 .29283 
.96493 .32721 
.96525 .34204 
.96556 .32817 
.96587 .29932 
.96619 .29125 
.9665 .32347 
.96681 .33878 
.96712 .30294 
.96744 .27749 
.96775 .30693 
.96806 .3301 
.96837 .30661 
.96869 .28416 
.969 .29779 
.96931 .3203 
.96962 .31536 
.96994 .29586 
.97025 .29902 
.97056 .32566 
.97088 .33359 
.97119 .31146 
.9715 .29307 
.97181 .30146 
.97213 .3239 
.97244 .33501 
.97275 .3194 
.97306 .28521 
.97338 .26894 
.97369 .29824 
.974 .33558 
.97431 .32818 
.97463 .29025 
.97494 .27349 
.97525 .30626 
.97557 .3446 
.97588 .33689 
.97619 .30924 