1856.0000  4.741
1856.0833  4.741
1856.1667  4.56
1856.2500  4.711
1856.3333  4.888
1856.4167  4.491
1856.5000  4.649
1856.5833  4.76
1856.6667  4.6
1856.7500  4.521
1856.8333  4.6
1856.9167  4.701
1857.0000  4.741
1857.0833  4.619
1857.1667  4.701
1857.2500  4.76
1857.3333  4.99
1857.4167  4.961
1857.5000  4.81
1857.5833  4.879
1857.6667  4.82
1857.7500  4.619
1857.8333  4.731
1857.9167  4.751
1858.0000  4.81
1858.0833  4.659
1858.1667  4.639
1858.2500  4.629
1858.3333  4.78
1858.4167  4.888
1858.5000  4.77
1858.5833  4.59
1858.6667  4.551
1858.7500  4.36
1858.8333  4.649
1858.9167  4.741
1859.0000  4.751
1859.0833  4.711
1859.1667  4.721
1859.2500  4.741
1859.3333  4.941
1859.4167  4.79
1859.5000  4.879
1859.5833  4.921
1859.6667  4.76
1859.7500  4.639
1859.8333  4.668
1859.9167  4.869
1860.0000  4.76
1860.0833  4.721
1860.1667  4.619
1860.2500  4.711
1860.3333  4.829
1860.4167  4.902
1860.5000  4.741
1860.5833  4.76
1860.6667  4.639
1860.7500  4.56
1860.8333  4.541
1860.9167  4.668
1862.0000  4.59
1862.0833  4.551
1862.1667  4.669
1862.2500  4.751
1862.3333  4.931
1862.4167  4.859
1862.5000  4.888
1862.5833  4.751
1862.6667  4.619
1862.7500  4.419
1862.8333  4.649
1862.9167  4.721
1863.0000  4.531
1863.0833  4.409
1863.1667  4.531
1863.2500  4.81
1863.3333  4.97
1863.4167  4.79
1863.5000  4.888
1863.5833  4.8
1863.6667  4.829
1863.7500  4.98
1863.8333  4.57
1863.9167  4.291
1864.0000  3.921
1864.0833  4.199
1864.1667  4.78
1864.2500  5.22
1864.3333  4.97
1864.4167  4.56
1864.5000  4.701
1864.5833  4.902
1864.6667  4.961
1864.7500  5.269
1864.8333  4.61
1864.9167  4.501
1865.0000  4.259
1865.0833  4.551
1865.1667  4.459
1865.2500  4.521
1865.3333  4.951
1865.4167  4.82
1865.5000  4.199
1865.5833  4.659
1865.6667  4.76
1865.7500  4.659
1865.8333  4.659
1865.9167  4.56
1866.0000  4.419
1866.0833  4.121
1866.1667  4.14
1866.2500  4.491
1866.3333  4.721
1866.4167  4.82
1866.5000  4.859
1866.5833  4.839
1866.6667  4.829
1866.7500  5.2
1866.8333  4.741
1866.9167  4.341
1867.0000  4.78
1867.0833  4.321
1867.1667  4.902
1867.2500  4.59
1867.3333  4.849
1867.4167  4.82
1867.5000  5.322
1867.5833  4.82
1867.6667  4.839
1867.7500  4.902
1867.8333  4.57
1867.9167  4.482
1868.0000  4.459
1868.0833  4.1667
1868.1667  4.39
1868.2500  4.879
1868.3333  5.581
1868.4167  4.99
1868.5000  5.02
1868.5833  4.741
1868.6667  5.098
1868.7500  4.951
1868.8333  4.869
1868.9167  4.301
1869.0000  4.531
1869.0833  4.341
1869.1667  4.38
1869.2500  4.649
1869.3333  4.941
1869.4167  4.721
1869.5000  4.78
1869.5833  4.82
1869.6667  4.859
1869.7500  4.902
1869.8333  4.639
1869.9167  4.701
1870.0000  4.482
1870.0833  4.839
1870.1667  5.059
1870.2500  5.289
1870.3333  5.039
1870.4167  4.98
1870.5000  4.97
1870.5833  5.039
1870.6667  5.039
1870.7500  5
1870.8333  4.56
1870.9167  4.501
1871.0000  4.4
1871.0833  4.4
1871.1667  4.741
1871.2500  5
1871.3333  4.76
1871.4167  4.931
1871.5000  4.902
1871.5833  4.879
1871.6667  4.921
1871.7500  4.6
1871.8333  4.721
1871.9167  4.039
1872.0000  4.36
1872.0833  4.619
1872.1667  4.37
1872.2500  4.56
1872.3333  4.59
1872.4167  4.879
1872.5000  4.879
1872.5833  4.859
1872.6667  4.669
1872.7500  4.98
1872.8333  4.741
1872.9167  4.701
1873.0000  4.459
1873.0833  4.501
1873.1667  4.268
1873.2500  4.99
1873.3333  4.941
1873.4167  4.829
1873.5000  4.911
1873.5833  4.98
1873.6667  4.921
1873.7500  5.03
1873.8333  4.511
1873.9167  4.5833
1874.0000  4.619
1874.0833  4.482
1874.1667  4.229
1874.2500  4.459
1874.3333  4.78
1874.4167  4.839
1874.5000  4.79
1874.5833  4.911
1874.6667  4.97
1874.7500  4.56
1874.8333  4.39
1874.9167  4.019
1875.0000  4.501
1875.0833  4.058
1875.1667  4.59
1875.2500  4.721
1875.3333  4.56
1875.4167  4.649
1875.5000  4.8
1875.5833  4.97
1875.6667  4.78
1875.7500  4.82
1875.8333  4.629
1875.9167  4.5833
1876.0000  3.97
1876.0833  4.291
1876.1667  4.61
1876.2500  4.8
1876.3333  4.711
1876.4167  4.8
1876.5000  4.839
1876.5833  4.921
1876.6667  5.131
1876.7500  4.57
1876.8333  5.322
1876.9167  4.59
1877.0000  4.219
1877.0833  4.439
1877.1667  4.5833
1877.2500  4.99
1877.3333  4.921
1877.4167  4.79
1877.5000  4.911
1877.5833  5.161
1877.6667  5.01
1877.7500  5.112
1877.8333  5.089
1877.9167  4.659
1878.0000  4.649
1878.0833  5.112
1878.1667  4.859
1878.2500  5.161
1878.3333  5.151
1878.4167  5.079
1878.5000  4.961
1878.5833  5.141
1878.6667  5.069
1878.7500  4.99
1878.8333  4.659
1878.9167  4.888
1893.0000  4.721
1893.0833  4.331
1893.1667  4.79
1893.2500  5.03
1893.3333  5.089
1893.4167  5.23
1893.5000  4.99
1893.5833  5.24
1893.6667  5.069
1893.7500  5.18
1893.8333  4.951
1893.9167  4.482
1894.0000  4.961
1894.0833  4.668
1894.1667  4.77
1894.2500  5.279
1894.3333  5.151
1894.4167  4.961
1894.5000  4.98
1894.5833  5.079
1894.6667  5.161
1894.7500  5.131
1894.8333  4.57
1894.9167  4.859
1895.0000  4.541
1895.0833  4.291
1895.1667  4.439
1895.2500  4.99
1895.3333  4.921
1895.4167  5.161
1895.5000  5.151
1895.5833  5.039
1895.6667  5.121
1895.7500  5
1895.8333  4.911
1895.9167  5.069
1896.0000  4.911
1896.0833  4.531
1896.1667  4.281
1896.2500  4.859
1896.3333  5.121
1896.4167  5.098
1896.5000  4.98
1896.5833  5.121
1896.6667  5.21
1896.7500  5.4167
1896.8333  5.01
1896.9167  5.059
1897.0000  4.57
1897.0833  5.069
1897.1667  4.76
1897.2500  4.76
1897.3333  5.069
1897.4167  5.23
1897.5000  5.361
1897.5833  5.341
1897.6667  5.259
1897.7500  5.489
1897.8333  4.81
1897.9167  4.76
1898.0000  4.77
1898.0833  4.79
1898.1667  4.82
1898.2500  5.24
1898.3333  5.39
1898.4167  5.21
1898.5000  5.21
1898.5833  5.141
1898.6667  5.161
1898.7500  5.289
1898.8333  5.039
1898.9167  4.619
1899.0000  4.541
1899.0833  4.731
1899.1667  5.03
1899.2500  5.03
1899.3333  5.259
1899.4167  5.079
1899.5000  5.049
1899.5833  5.361
1899.6667  5.279
1899.7500  5.131
1899.8333  5.24
1899.9167  4.849
1900.0000  4.341
1900.0833  4.439
1900.1667  4.59
1900.2500  4.81
1900.3333  5.079
1900.4167  5.2
1900.5000  5.089
1900.5833  5.259
1900.6667  5.2
1900.7500  5.22
1900.8333  4.911
1900.9167  4.82
1901.0000  4.921
1901.0833  4.14
1901.1667  4.78
1901.2500  5.581
1901.3333  5.43
1901.4167  5.331
1901.5000  5.341
1901.5833  5.4167
1901.6667  5.499
1901.7500  5.059
1901.8333  5.131
1901.9167  5.01
1902.0000  4.741
1902.0833  4.869
1902.1667  5.151
1902.2500  5.131
1902.3333  5.02
1902.4167  5.161
1902.5000  5.308
1902.5833  5.361
1902.6667  5.449
1902.7500  5.4
1902.8333  5.4
1902.9167  5.141
1903.0000  4.61
1903.0833  4.38
1903.1667  4.941
1903.2500  5.44
1903.3333  5.151
1903.4167  5.63
1903.5000  5.279
1903.5833  5.43
1903.6667  5.279
1903.7500  5.62
1903.8333  5.02
1903.9167  4.551
1904.0000  4.701
1904.0833  4.35
1904.1667  4.751
1904.2500  4.951
1904.3333  5.069
1904.4167  5.269
1904.5000  5.161
1904.5833  5.089
1904.6667  5.161
1904.7500  5.079
1904.8333  5.069
1904.9167  4.829
1905.0000  4.721
1905.0833  4.35
1905.1667  4.668
1905.2500  4.879
1905.3333  4.879
1905.4167  5.112
1905.5000  5.121
1905.5833  5.279
1905.6667  5.19
1905.7500  5.049
1905.8333  4.829
1905.9167  4.921
1906.0000  4.961
1906.0833  4.649
1906.1667  4.531
1906.2500  5
1906.3333  4.99
1906.4167  5.289
1906.5000  5.308
1906.5833  5.341
1906.6667  5.249
1906.7500  5.371
1906.8333  4.941
1906.9167  4.711
1907.0000  4.649
1907.0833  4.511
1907.1667  4.8
1907.2500  5
1907.3333  5
1907.4167  5.269
1907.5000  5.151
1907.5833  5.141
1907.6667  5.098
1907.7500  5
1907.8333  5.151
1907.9167  4.961
1908.0000  4.659
1908.0833  4.491
1908.1667  4.669
1908.2500  4.619
1908.3333  5.098
1908.4167  5.121
1908.5000  5.131
1908.5833  5.479
1908.6667  5.331
1908.7500  5.43
1908.8333  4.669
1908.9167  4.701
1909.0000  4.839
1909.0833  4.711
1909.1667  4.78
1909.2500  4.849
1909.3333  5.371
1909.4167  5.22
1909.5000  5.19
1909.5833  5.43
1909.6667  5.351
1909.7500  5.02
1909.8333  5.112
1909.9167  5.098
1910.0000  4.99
1910.0833  4.731
1910.1667  4.951
1910.2500  5.361
1910.3333  5.19
1910.4167  5.351
1910.5000  5.299
1910.5833  5.161
1910.6667  5.381
1910.7500  5.19
1910.8333  5.2
1910.9167  4.941
1911.0000  4.659
1911.0833  5.02
1911.1667  4.721
1911.2500  5.079
1911.3333  5.112
1911.4167  5.361
1911.5000  5.098
1911.5833  5.249
1911.6667  5.518
1911.7500  5.509
1911.8333  4.829
1911.9167  4.888
1912.0000  4.439
1912.0833  4.521
1912.1667  4.731
1912.2500  4.859
1912.3333  5.069
1912.4167  5
1912.5000  5
1912.5833  5.18
1912.6667  5.41
1912.7500  5.161
1912.8333  4.98
1912.9167  4.5833
1913.0000  4.659
1913.0833  4.469
1913.1667  4.35
1913.2500  4.98
1913.3333  5.089
1913.4167  5.098
1913.5000  5.049
1913.5833  5.259
1913.6667  5.22
1913.7500  5.499
1913.8333  5.059
1913.9167  4.829
1914.0000  5.151
1914.0833  4.59
1914.1667  4.879
1914.2500  5.069
1914.3333  5.2
1914.4167  5.141
1914.5000  5.289
1914.5833  5.19
1914.6667  5.249
1914.7500  5.331
1914.8333  4.879
1914.9167  5.089
1915.0000  5.02
1915.0833  5.079
1915.1667  4.961
1915.2500  4.888
1915.3333  5.121
1915.4167  5.269
1915.5000  5.341
1915.5833  5.489
1915.6667  5.19
1915.7500  5.331
1915.8333  5.098
1915.9167  4.859
1916.0000  4.741
1916.0833  4.76
1916.1667  4.98
1916.2500  5.4
1916.3333  5.23
1916.4167  5.489
1916.5000  5.151
1916.5833  5.341
1916.6667  5.308
1916.7500  5.21
1916.8333  5.039
1916.9167  4.541
1917.0000  4.649
1917.0833  4.659
1917.1667  5.01
1917.2500  5.069
1917.3333  5.479
1917.4167  5.289
1917.5000  5.341
1917.5833  5.371
1917.6667  5.331
1917.7500  5.308
1917.8333  5.121
1917.9167  4.911
1918.0000  4.98
1918.0833  4.888
1918.1667  5.098
1918.2500  5.322
1918.3333  4.839
1918.4167  5.24
1918.5000  5.249
1918.5833  5.249
1918.6667  5.151
1918.7500  5.039
1918.8333  5.069
1918.9167  5.24
1919.0000  4.78
1919.0833  4.941
1919.1667  5.098
1919.2500  5.161
1919.3333  5.489
1919.4167  5.469
1919.5000  5.341
1919.5833  5.591
1919.6667  5.43
1919.7500  5.509
1919.8333  5.551
1919.9167  4.99
1920.4167  5.509
1920.5000  5.299
1920.5833  5.449
1920.6667  5.43
1920.7500  5.4167
1920.8333  5.322
1920.9167  5.24
1921.0000  4.911
1921.0833  5.308
1921.1667  5.039
1921.2500  5.371
1921.3333  5.741
1921.4167  5.44
1921.5000  5.43
1921.5833  5.308
1921.6667  5.43
1921.7500  5.121
1921.8333  5.371
1921.9167  4.97
1922.0000  4.668
1922.0833  4.888
1922.1667  4.99
1922.2500  5.089
1922.3333  5.22
1922.4167  5.322
1922.5000  5.341
1922.5833  5.322
1922.6667  5.381
1922.7500  5.299
1922.8333  5.121
1922.9167  5.039
1923.0000  5.02
1923.0833  4.829
1923.1667  4.921
1923.2500  5.19
1923.3333  5.18
1923.4167  5.249
1923.5000  5.279
1923.5833  5.279
1923.6667  5.259
1923.7500  5.351
1923.8333  5.4
1923.9167  5
1924.0000  4.61
1924.0833  5.19
1924.1667  5.469
1924.2500  5.21
1924.3333  5.479
1924.4167  5.341
1924.5000  5.23
1924.5833  5.4
1924.6667  5.341
1924.7500  5.289
1924.8333  5.069
1924.9167  4.619
1925.0000  5.19
1925.0833  4.911
1925.1667  4.78
1925.2500  5.141
1925.3333  5.18
1925.4167  5.2
1925.5000  5.259
1925.5833  5.259
1925.6667  5.4167
1925.7500  5.079
1925.8333  4.99
1925.9167  4.81
1926.0000  4.57
1926.0833  5
1926.1667  4.692
1926.2500  4.941
1926.3333  5.141
1926.4167  5.2
1926.5000  5.249
1926.5833  5.489
1926.6667  5.499
1926.7500  5.341
1926.8333  4.97
1926.9167  5.01
1927.0000  4.61
1927.0833  5.161
1927.1667  5.161
1927.2500  5.098
1927.3333  5.299
1927.4167  5.322
1927.5000  5.22
1927.5833  5.509
1927.6667  5.361
1927.7500  5.4
1927.8333  5.19
1927.9167  5.161
1928.0000  4.531
1928.0833  4.721
1928.1667  4.879
1928.2500  4.941
1928.3333  5.24
1928.4167  5.351
1928.5000  5.331
1928.5833  5.489
1928.6667  5.499
1928.7500  5.079
1928.8333  4.859
1928.9167  4.711
1929.0000  4.341
1929.0833  5.03
1929.1667  4.99
1929.2500  5.509
1929.3333  4.98
1929.4167  5.39
1929.5000  5.21
1929.5833  5.279
1929.6667  5.39
1929.7500  5.121
1929.8333  5.098
1929.9167  4.902
1930.0000  4.849
1930.0833  4.869
1930.1667  4.8
1930.2500  4.849
1930.3333  5.049
1930.4167  5.059
1930.5000  5.23
1930.5833  5.381
1930.6667  5.322
1930.7500  5.489
1930.8333  4.859
1930.9167  5.01
1931.0000  4.79
1931.0833  4.859
1931.1667  5.571
1931.2500  5.098
1931.3333  5.23
1931.4167  5.449
1931.5000  5.499
1931.5833  5.531
1931.6667  5.43
1931.7500  5.299
1931.8333  4.961
1931.9167  4.829
1932.0000  5.161
1932.0833  5.079
1932.1667  4.751
1932.2500  5.059
1932.3333  5.079
1932.4167  5.299
1932.5000  5.351
1932.5833  5.341
1932.6667  5.509
1932.7500  5.2
1932.8333  5.551
1932.9167  5.059
1933.0000  5.299
1933.0833  4.711
1933.1667  5
1933.2500  5.43
1933.3333  5.4
1933.4167  5.479
1933.5000  5.541
1933.5833  5.64
1933.6667  5.669
1933.7500  5.449
1933.8333  5.02
1933.9167  4.941
1934.0000  4.869
1934.0833  4.56
1934.1667  4.888
1934.2500  5.299
1934.3333  5.161
1934.4167  5.4
1934.5000  5.371
1934.5833  5.371
1934.6667  5.561
1934.7500  5.39
1934.8333  5.098
1934.9167  4.839
1935.0000  4.888
1935.0833  4.78
1935.1667  5.02
1935.2500  5.489
1935.3333  5.19
1935.4167  5.499
1935.5000  5.4167
1935.5833  5.489
1935.6667  5.449
1935.7500  5.322
1935.8333  5.801
1935.9167  5.131
1936.0000  4.81
1936.0833  4.941
1936.1667  5.4167
1936.2500  5.131
1936.3333  5.089
1936.4167  5.41
1936.5000  5.551
1936.5833  5.39
1936.6667  5.489
1936.7500  5.4
1936.8333  4.941
1936.9167  5.039
1937.0000  5.19
1937.0833  5.39
1937.1667  4.869
1937.2500  5.479
1937.3333  5.4
1937.4167  5.469
1937.5000  5.541
1937.5833  5.361
1937.6667  5.518
1937.7500  5.43
1937.8333  5.249
1937.9167  5.112
1938.0000  5.351
1938.0833  5.23
1938.1667  5.259
1938.2500  5.24
1938.3333  5.4167
1938.4167  5.4167
1938.5000  5.371
1938.5833  5.469
1938.6667  5.551
1938.7500  5.771
1938.8333  5.299
1938.9167  5.23
1939.0000  5.059
1939.0833  5.112
1939.1667  5.279
1939.2500  5.39
1939.3333  5.561
1939.4167  5.591
1939.5000  5.531
1939.5833  5.709
1939.6667  5.63
1939.7500  5.469
1939.8333  5.308
1939.9167  4.99
1940.0000  4.869
1940.0833  5.459
1940.1667  5.03
1940.2500  5.41
1940.3333  5.709
1940.4167  5.591
1940.5000  5.44
1940.5833  5.561
1940.6667  5.591
1940.7500  5.571
1940.8333  5.18
1940.9167  5.23
1941.0000  5.351
1941.0833  4.97
1941.1667  4.902
1941.2500  5.449
1941.3333  5.361
1941.4167  5.551
1941.5000  5.509
1941.5833  5.479
1941.6667  5.44
1941.7500  5.331
1941.8333  5.2
1941.9167  5.131
1942.0000  5.098
1942.0833  4.911
1942.1667  5.43
1942.2500  5.43
1942.3333  5.469
1942.4167  5.679
1942.5000  5.61
1942.5833  5.62
1942.6667  5.781
1942.7500  5.699
1942.8333  5.371
1942.9167  5.039
1943.0000  5.131
1943.0833  4.961
1943.1667  5.161
1943.2500  5.2
1943.3333  5.4
1943.4167  5.541
1943.5000  5.551
1943.5833  5.669
1943.6667  5.699
1943.7500  5.761
1943.8333  5.39
1943.9167  4.829
1944.0000  5.121
1944.0833  4.99
1944.1667  5.269
1944.2500  5.4167
1944.3333  5.381
1944.4167  5.63
1944.5000  5.581
1944.5833  5.561
1944.6667  5.591
1944.7500  5.6
1944.8333  5.879
1944.9167  4.97
1945.0000  4.911
1945.0833  5.03
1945.1667  5.449
1945.2500  5.351
1945.3333  5.709
1945.4167  5.65
1945.5000  5.679
1945.5833  5.659
1945.6667  5.751
1945.7500  5.591
1945.8333  5.771
1945.9167  5.65
1946.0000  5.151
1946.0833  5.03
1946.1667  5.459
1946.2500  5.479
1946.3333  5.591
1946.4167  5.561
1946.5000  5.591
1946.5833  5.771
1946.6667  5.719
1946.7500  5.709
1946.8333  5.459
1946.9167  5.039
1947.0000  5.131
1947.0833  4.839
1947.1667  5.18
1947.2500  5.4
1947.3333  5.561
1947.4167  5.732
1947.5000  5.6
1947.5833  5.719
1947.6667  5.679
1947.7500  5.518
1947.8333  5.85
1947.9167  4.902
1948.0000  5.098
1948.0833  5.279
1948.1667  5.479
1948.2500  5.351
1948.3333  5.679
1948.4167  5.771
1948.5000  5.659
1948.5833  5.61
1948.6667  5.659
1948.7500  5.909
1948.8333  5.581
1948.9167  5.541
1949.0000  5.43
1949.0833  5.371
1949.1667  5.112
1949.2500  5.4167
1949.3333  5.561
1949.4167  5.479
1949.5000  5.581
1949.5833  5.669
1949.6667  5.571
1949.7500  5.741
1949.8333  5.499
1949.9167  4.911
1950.0000  5.01
1950.0833  5.18
1950.1667  4.741
1950.2500  5.269
1950.3333  5.299
1950.4167  5.299
1950.5000  5.361
1950.5833  5.531
1950.6667  5.689
1950.7500  5.61
1950.8333  5.689
1950.9167  5.518
1951.0000  5.161
1951.0833  5.19
1951.1667  5.761
1951.2500  5.509
1951.3333  5.719
1951.4167  5.86
1951.5000  5.551
1951.5833  5.709
1951.6667  5.65
1951.7500  5.781
1951.8333  5.459
1951.9167  5.151
1952.0000  5.331
1952.0833  5.308
1952.1667  5.489
1952.2500  5.551
1952.3333  5.709
1952.4167  5.63
1952.5000  5.489
1952.5833  5.571
1952.6667  5.719
1952.7500  5.381
1952.8333  5.571
1952.9167  5.689
1953.0000  5.65
1953.0833  5.049
1953.1667  5.489
1953.2500  5.551
1953.3333  5.801
1953.4167  5.541
1953.5000  5.591
1953.5833  5.669
1953.6667  5.679
1953.7500  5.741
1953.8333  5.659
1953.9167  5.059
1954.0000  5.249
1954.0833  5.322
1954.1667  5.121
1954.2500  5.351
1954.3333  5.781
1954.4167  5.719
1954.5000  5.63
1954.5833  5.561
1954.6667  5.65
1954.7500  5.65
1954.8333  5.43
1954.9167  5.151
1955.0000  5.22
1955.0833  5.161
1955.1667  5.161
1955.2500  5.801
1955.3333  5.541
1955.4167  5.751
1955.5000  5.669
1955.5833  5.909
1955.6667  5.699
1955.7500  5.981
1955.8333  5.561
1955.9167  5.03
1956.0000  5.551
1956.0833  5.18
1956.1667  5.518
1956.2500  5.669
1956.3333  5.44
1956.4167  5.63
1956.5000  5.699
1956.5833  5.879
1956.6667  5.889
1956.7500  5.879
1956.8333  5.591
1956.9167  5.4
1957.0000  4.941
1957.0833  5.308
1957.1667  5.591
1957.2500  5.23
1957.3333  5.518
1957.4167  5.571
1957.5000  5.551
1957.5833  5.6
1957.6667  5.581
1957.7500  5.761
1957.8333  5.44
1957.9167  5.269
1958.0000  5.561
1958.0833  5.299
1958.1667  6.02
1958.2500  5.91678
1958.3333  5.6
1958.4167  5.689
1958.5000  5.781
1958.5833  5.791
1958.6667  5.869
1958.7500  5.991
1958.8333  5.4167
1958.9167  5.151
1959.0000  5.039
1959.0833  4.951
1959.1667  5.259
1959.2500  5.659
1959.3333  5.259
1959.4167  5.61
1959.5000  5.518
1959.5833  5.659
1959.6667  5.689
1959.7500  5.82
1959.8333  5.469
1959.9167  5.591
1960.0000  5.62
1960.0833  5.341
1960.1667  5.459
1960.2500  5.581
1960.3333  5.732
1960.4167  5.889
1960.5000  5.751
1960.5833  5.899
1960.6667  6.03
1960.7500  5.84
1960.8333  5.518
1960.9167  5.161
1961.0000  5.161
1961.0833  5.581
1961.1667  5.732
1961.2500  5.801
1961.3333  5.679
1961.4167  5.591
1961.5000  5.761
1961.5833  5.44
1961.6667  5.751
1961.7500  5.64
1961.8333  5.322
1961.9167  5.322
1962.0000  4.961
1962.0833  5.581
1962.1667  6.119
1962.2500  5.518
1962.3333  5.791
1962.4167  5.86
1962.5000  5.879
1962.5833  5.82
1962.6667  5.781
1962.7500  5.761
1962.8333  5.781
1962.9167  5.361
1963.0000  5.561
1963.0833  4.82
1963.1667  5.39
1963.2500  5.459
1963.3333  5.381
1963.4167  5.63
1963.5000  5.699
1963.5833  5.64
1963.6667  5.63
1963.7500  5.541
1963.8333  5.659
1963.9167  5.079
1964.0000  5.22
1964.0833  5.161
1964.1667  5.479
1964.2500  5.371
1964.3333  5.591
1964.4167  5.518
1964.5000  5.771
1964.5833  5.781
1964.6667  5.91678
1964.7500  5.85
1964.8333  5.86
1964.9167  5.361
1965.0000  5.489
1965.0833  5.308
1965.1667  5.381
1965.2500  5.64
1965.3333  5.591
1965.4167  5.751
1965.5000  5.781
1965.5833  5.6
1965.6667  5.771
1965.7500  5.659
1965.8333  5.591
1965.9167  5.581
1966.0000  5.112
1966.0833  5.22
1966.1667  5.4
1966.2500  5.581
1966.3333  5.509
1966.4167  5.63
1966.5000  5.732
1966.5833  5.771
1966.6667  6.02
1966.7500  5.541
1966.8333  5.8333
1966.9167  5.499
1967.0000  5.581
1967.0833  5.41
1967.1667  5.709
1967.2500  5.909
1967.3333  5.909
1967.4167  5.889
1967.5000  5.91678
1967.5833  5.86
1967.6667  5.8333
1967.7500  5.571
1967.8333  5.39
1967.9167  5.679
1968.0000  5.249
1968.0833  5.249
1968.1667  5.4167
1968.2500  5.571
1968.3333  5.801
1968.4167  5.91678
1968.5000  5.732
1968.5833  5.741
1968.6667  5.8333
1968.7500  5.581
1968.8333  5.741
1968.9167  4.98
1969.0000  5.141
1969.0833  5.571
1969.1667  5.518
1969.2500  5.541
1969.3333  5.6
1969.4167  5.869
1969.5000  5.942
1969.5833  5.85
1969.6667  5.91678
1969.7500  5.879
1969.8333  5.971
1969.9167  5.771
1970.0000  5.361
1970.0833  5.4
1970.1667  5.43
1970.2500  5.719
1970.3333  5.581
1970.4167  5.761
1970.5000  5.719
1970.5833  5.889
1970.6667  5.801
1970.7500  5.909
1970.8333  6.06
1970.9167  5.709
1971.0000  5.299
1971.0833  5.41
1971.1667  5.41
1971.2500  5.65
1971.3333  5.8333
1971.4167  5.879
1971.5000  5.719
1971.5833  5.709
1971.6667  5.961
1971.7500  6.191
1971.8333  5.919
1971.9167  5.41
1972.0000  5.269
1972.0833  5.351
1972.1667  5.62
1972.2500  5.751
1972.3333  5.971
1972.4167  5.991
1972.5000  5.86
1972.5833  5.869
1972.6667  6.05
1972.7500  5.82
1972.8333  6.181
1972.9167  5.82
1973.0000  5.561
1973.0833  5.741
1973.1667  5.981
1973.2500  5.889
1973.3333  5.91678
1973.4167  5.84
1973.5000  5.899
1973.5833  5.879
1973.6667  5.869
1973.7500  5.81
1973.8333  5.351
1973.9167  5.531
1974.0000  5.6
1974.0833  5.459
1974.1667  5.44
1974.2500  5.509
1974.3333  5.771
1974.4167  5.971
1974.5000  5.86
1974.5833  5.751
1974.6667  5.899
1974.7500  5.499
1974.8333  5.6
1974.9167  5.659
1975.0000  5.331
1975.0833  5.4167
1975.1667  5.459
1975.2500  5.479
1975.3333  5.781
1975.4167  5.82
1975.5000  5.791
1975.5833  5.84
1975.6667  5.84
1975.7500  6.089
1975.8333  5.82
1975.9167  5.732
1976.0000  5.351
1976.0833  5.19
1976.1667  5.531
1976.2500  5.541
1976.3333  5.518
1976.4167  5.699
1976.5000  5.869
1976.5833  5.8333
1976.6667  5.791
1976.7500  5.761
1976.8333  5.161
1976.9167  4.879
1977.0000  4.859
1977.0833  4.941
1977.1667  5.24
1977.2500  5.259
1977.3333  5.561
1977.4167  5.781
1977.5000  5.732
1977.5833  5.81
1977.6667  6.152
1977.7500  6.03
1977.8333  5.991
1977.9167  5.8333
1978.0000  5.449
1978.0833  6.02
1978.1667  5.64
1978.2500  5.869
1978.3333  5.971
1978.4167  5.801
1978.5000  5.91678
1978.5833  5.991
1978.6667  6.119
1978.7500  5.879
1978.8333  5.951
1978.9167  5.351
1979.0000  5.65
1979.0833  5.4
1979.1667  5.531
1979.2500  5.771
1979.3333  5.781
1979.4167  5.771
1979.5000  5.791
1979.5833  5.909
1979.6667  5.86
1979.7500  5.719
1979.8333  5.551
1979.9167  5.279
1980.0000  5.371
1980.0833  5.381
1980.1667  5.43
1980.2500  5.84
1980.3333  5.84
1980.4167  5.679
1980.5000  5.709
1980.5833  5.8333
1980.6667  5.761
1980.7500  5.65
1980.8333  5.4167
1980.9167  5.059
1981.0000  4.98
1981.0833  5.23
1981.1667  5.518
1981.2500  5.279
1981.3333  5.81
1981.4167  5.791
1981.5000  5.791
1981.5833  5.869
1981.6667  5.951
1981.7500  5.659
1981.8333  5.761
1981.9167  5.561
1982.0000  5.161
1982.0833  5.361
1982.1667  5.4167
1982.2500  5.22
1982.3333  5.771
1982.4167  6.138
1982.5000  5.761
1982.5833  5.771
1982.6667  5.879
1982.7500  6.079
1982.8333  5.489
1982.9167  5.62
1983.0000  5.541
1983.0833  5.879
1983.1667  6.05
1983.2500  6.161
1983.3333  5.879
1983.4167  5.909
1983.5000  5.909
1983.5833  6.04
1983.6667  6.01
1983.7500  6.119
1983.8333  5.991
1983.9167  5.689
1984.0000  5.571
1984.0833  5.591
1984.1667  5.85
1984.2500  6.27
1984.3333  5.791
1984.4167  5.971
1984.5000  5.869
1984.5833  6.07
1984.6667  5.919
1984.7500  6.099
1984.8333  5.791
1984.9167  5.489
1985.0000  5.269
1985.0833  5.331
1985.1667  5.39
1985.2500  5.561
1985.3333  5.82
1985.4167  5.761
1985.5000  5.82
1985.5833  5.909
1985.6667  5.942
1985.7500  5.82
1985.8333  6.161
1985.9167  5.591
1986.0000  5.21
1986.0833  5.709
1986.1667  5.41
1986.2500  6.07
1986.3333  5.91678
1986.4167  5.771
1986.5000  5.981
1986.5833  5.899
1986.6667  5.801
1986.7500  5.961
1986.8333  5.741
1986.9167  5.709
1987.0000  5.659
1987.0833  5.361
1987.1667  5.991
1987.2500  6.138
1987.3333  5.791
1987.4167  5.899
1987.5000  5.991
1987.5833  6.02
1987.6667  6.03
1987.7500  5.791
1987.8333  5.689
1987.9167  5.771
1988.0000  5.279
1988.0833  5.509
1988.1667  5.381
1988.2500  6.05
1988.3333  5.86
1988.4167  5.869
1988.5000  5.719
1988.5833  5.8333
1988.6667  5.761
1988.7500  5.791
1988.8333  5.551
1988.9167  5.39
1989.0000  5.39
1989.0833  5.381
1989.1667  5.531
1989.2500  5.499
1989.3333  5.869
1989.4167  5.951
1989.5000  5.879
1989.5833  5.991
1989.6667  5.951
1989.7500  5.869
1989.8333  5.561
1989.9167  5.19
1990.0000  5.289
1990.0833  5.43
1990.1667  5.381
1990.2500  5.531
1990.3333  5.951
1990.4167  5.84
1990.5000  5.909
1990.5833  6.109
1990.6667  5.991
1990.7500  5.869
1990.8333  5.659
1990.9167  5.509
1991.0000  5.64
1991.0833  5.479
1991.1667  6.01
1991.2500  5.761
1991.3333  5.781
1991.4167  5.981
1991.5000  5.981
1991.5833  5.85
1991.6667  5.85
1991.7500  6.05
1991.8333  5.84
1991.9167  5.541
1992.0000  5.617
1992.0833  5.728
1992.1667  5.686
1992.2500  5.863
1992.3333  5.978
1992.4167  6.05
1992.5000  6.089
1992.5833  5.971
1992.6667  5.942
1992.7500  5.879
1992.8333  5.86
1992.9167  5.85
1993.0000  5.64
1993.0833  5.781
1993.1667  5.679
1993.2500  6.26
1993.3333  6.02
1993.4167  5.879
1993.5000  6.04
1993.5833  6.079
1993.6667  6.03
1993.7500  5.91678
1993.8333  5.679
1993.9167  5.899
1994.0000  5.236
1994.0833  5.469
1994.1667  5.73
1994.2500  5.62
1994.3333  5.98
1994.4167  5.8
1994.5000  5.89
1994.5833  5.879
1994.6667  6.01
1994.7500  5.961
1994.8333  5.512
1994.9167  5.761
1995.0000  5.522
1995.0833  5.266
1995.1667  5.725
1995.2500  5.614
1995.3333  6.00007
1995.4167  5.8333
1995.5000  5.909
1995.5833  6.194
1995.6667  6.145
1995.7500  5.988
1995.8333  6.014
1995.9167  5.666
1996.0000  5.994
1996.0833  5.643
1996.1667  5.656
1996.2500  6.056
1996.3333  5.984
1996.4167  6.07
1996.5000  6.07
1996.5833  6.122
1996.6667  6.558
1996.7500  6.375
1996.8333  6.109
1996.9167  6.325
1997.0000  5.722
1997.0833  5.768
1997.1667  5.876
1997.2500  6.283
1997.3333  5.919
1997.4167  6.243
1997.5000  6.043
1997.5833  6.145
1997.6667  6.112
1997.7500  6.102
1997.8333  6.129
1997.9167  5.728
1998.0000  6.138
1998.0833  6.434
1998.1667  5.945
1998.2500  6.16675
1998.3333  6.371
1998.4167  6.168
1998.5000  6.119
1998.5833  6.142
1998.6667  6.161
1998.7500  5.909
1998.8333  5.748
1998.9167  5.633
1999.0000  5.548
1999.0833  6.00007
1999.1667  5.696
1999.2500  5.971
1999.3333  6.037
1999.4167  5.945
1999.5000  6.02
1999.5833  6.201
1999.6667  6.16678
1999.7500  5.915
1999.8333  5.692
1999.9167  5.679
2000.0000  5.341
2000.0833  5.276
2000.1667  5.935
2000.2500  6.00004
2000.3333  6.188
2000.4167  6.079
2000.5000  6.214
2000.5833  6.201
2000.6667  6.168
2000.7500  6.033
2000.8333  6.066
2000.9167  5.709
2001.0000  5.853
2001.0833  5.574
2001.1667  6.106
2001.2500  6.08333
2001.3333  6.00004
2001.4167  5.951
2001.5000  6.02
2001.5833  6.017
2001.6667  6.211
2001.7500  5.906
2001.8333  5.751
2001.9167  5.722
2002.0000  5.374
2002.0833  5.715
2002.1667  5.4167
2002.2500  5.659
2002.3333  5.745
2002.4167  5.984
2002.5000  5.948
2002.5833  6.043
2002.6667  6.152
2002.7500  6.283
2002.8333  5.751
2002.9167  5.669
2003.0000  5.499
2003.0833  5.226
2003.1667  5.81
2003.2500  6.096
2003.3333  6.106
2003.4167  6.214
2003.5000  6.053
2003.5833  6.08333
2003.6667  6.41677
2003.7500  6.00007
2003.8333  5.843
2003.9167  5.745
2004.0000  5.33338
2004.0833  5.522
2004.1667  5.81
2004.2500  5.787
2004.3333  5.863
2004.4167  6.00001
2004.5000  6.073
2004.5833  6.066
2004.6667  6.286
2004.7500  6.434
2004.8333  5.984
2004.9167  5.846
2005.0000  5.968
2005.0833  5.951
2005.1667  5.951
2005.2500  6.33339
2005.3333  6.41674
2005.4167  6.234
2005.5000  6.289
2005.5833  6.2500
2005.6667  6.161
2005.7500  6.437
2005.8333  5.876
2005.9167  5.627
2006.0000  5.873
2006.0833  5.643
2006.1667  5.666
2006.2500  5.981
2006.3333  6.276
2006.4167  6.122
2006.5000  6.06
2006.5833  6.33332
2006.6667  6.568
2006.7500  6.188
2006.8333  6.283
2006.9167  5.551
2007.0000  5.538
2007.0833  5.075
2007.1667  5.381
2007.2500  6.096
2007.3333  5.82
2007.4167  6.168
2007.5000  6.05
2007.5833  6.211
2007.6667  6.06
2007.7500  6.234
2007.8333  5.965
2007.9167  5.774
2008.0000  5.741
2008.0833  5.702
2008.1667  5.863
2008.2500  6.188
2008.3333  6.46
2008.4167  6.204
2008.5000  6.161
2008.5833  6.25007
2008.6667  6.345
2008.7500  6.165
2008.8333  6.014
2008.9167  5.558
2009.0000  5.528
2009.0833  5.633
2009.1667  5.915
2009.2500  6.00007
2009.3333  6.024
2009.4167  6.572
2009.5000  6.41671
2009.5833  6.25003
2009.6667  6.43
2009.7500  6.516
2009.8333  6.486
2009.9167  5.945
2010.0000  5.942
2010.0833  6.145
2010.1667  6.66673
2010.2500  6.28
2010.3333  6.115
2010.4167  6.33332
2010.5000  6.243
2010.5833  6.41677
2010.6667  6.371
2010.7500  6.306
2010.8333  6.289
2010.9167  6.047
2011.0000  5.853
2011.0833  5.719
2011.1667  6.04
2011.2500  6.188
2011.3333  6.555
2011.4167  6.516
2011.5000  6.388
2011.5833  6.516
2011.6667  6.709
2011.7500  6.496
2011.8333  6.106
2011.9167  5.932
2012.0000  5.728
2012.0833  5.751
2012.1667  5.965
2012.2500  6.138
2012.3333  6.161
2012.4167  6.509
2012.5000  6.293
2012.5833  6.306
2012.6667  6.22
2012.7500  6.522
2012.8333  6.198
2012.9167  6.207
2013.0000  5.604
2013.0833  5.725
2013.1667  6.286
2013.2500  6.014
2013.3333  5.978
2013.4167  6.289
2013.5000  6.33332
2013.5833  6.289
2013.6667  6.286
2013.7500  6.401
2013.8333  5.728
2013.9167  5.774
2014.0000  5.646
2014.0833  5.597
2014.1667  5.843
2014.2500  6.194
2014.3333  6.293
2014.4167  6.352
2014.5000  6.214
2014.5833  6.407
2014.6667  6.407
2014.7500  6.476
2014.8333  5.958
2014.9167  6.112
2015.0000  5.525
2015.0833  5.62
2015.1667  5.482
2015.2500  5.942
2015.3333  5.794
2015.4167  6.243
2015.5000  6.394
2015.5833  6.316
2015.6667  6.444
2015.7500  6.444
2015.8333  6.056
2015.9167  6.05
2016.0000  5.965
2016.0833  5.846
2016.1667  6.01
2016.2500  6.129
2016.3333  6.119
2016.4167  6.168
2016.5000  6.214
2016.5833  6.16678
2016.6667  6.512
2016.7500  6.293
2016.8333  5.942
2016.9167  5.696
2017.0000  5.892
2017.0833  5.784
2017.1667  5.518
2017.2500  6.296
2017.3333  6.47
2017.4167  6.299
2017.5000  6.417
2017.5833  6.362
2017.6667  6.499
2017.7500  6.33339
2017.8333  6.217
2017.9167  5.692
2018.0000  5.469
2018.0833  5.699
2018.1667  6.48
2018.2500  6.125
2018.3333  6.234
2018.4167  6.49
2018.5000  6.345
2018.5833  6.493
2018.6667  6.765
2018.7500  6.355
2018.8333  6.16675
2018.9167  6.204
2019.0000  5.912
2019.0833  5.686
2019.1667  5.951
2019.2500  6.135
2019.3333  6.532
2019.4167  6.473
2019.5000  6.463
2019.5833  6.549
2019.6667  6.572
2019.7500  6.801
2019.8333  6.329
2019.9167  6.148
2020.0000  6.017
2020.0833  5.932
2020.1667  6.312
2020.2500  6.48
2020.3333  6.181
2020.4167  6.401
2020.5000  6.545
2020.5833  6.49
2020.6667  6.572
2020.7500  6.447
2020.8333  6.027
2020.9167  6.119
2021.0000  6.211
2021.0833  6.22
