0.000000 1518.400024
1.400000 1518.099976
3.400000 1517.900024
6.800000 1518.099976
13.000000 1518.199951
28.000000 1518.400024
28.600000 1518.300049
30.000000 1517.400024
31.400000 1515.000000
32.099998 1514.300049
34.799999 1513.099976
36.099998 1511.500000
37.500000 1510.500000
38.900002 1510.199951
40.200001 1510.000000
40.900002 1509.800049
42.900002 1508.800049
45.700001 1507.900024
47.000000 1507.699951
48.400002 1507.699951
49.099998 1507.599976
50.400002 1507.000000
51.799999 1506.199951
53.799999 1505.400024
55.200001 1505.099976
57.900002 1504.300049
62.000000 1504.000000
63.299999 1503.800049
64.699997 1503.099976
66.699997 1502.500000
68.800003 1502.300049
70.800003 1501.900024
72.199997 1501.699951
73.500000 1501.300049
74.900002 1501.199951
76.900002 1500.900024
78.300003 1500.900024
81.699997 1500.500000
84.400002 1500.300049
87.099998 1500.300049
96.599998 1499.900024
97.900002 1500.000000
99.300003 1499.900024
102.699997 1499.900024
103.400002 1499.900024
104.699997 1500.099976
106.099998 1499.900024
109.500000 1499.800049
112.199997 1499.699951
115.599998 1499.699951
119.599998 1499.599976
120.300003 1499.599976
121.000000 1499.699951
123.000000 1499.500000
129.800003 1499.599976
139.199997 1499.599976
143.899994 1499.400024
148.699997 1499.400024
153.399994 1499.500000
160.800003 1499.400024
165.500000 1499.300049
176.300003 1499.199951
185.000000 1499.199951
193.100006 1499.099976
199.199997 1499.099976
201.199997 1499.099976
207.899994 1499.199951
214.600006 1499.099976
232.699997 1499.400024
244.100006 1499.599976
275.600006 1499.800049
280.899994 1499.900024
296.899994 1500.099976
301.600006 1500.099976
329.500000 1500.300049
338.799988 1500.300049
356.100006 1500.599976
379.299988 1500.599976
389.899994 1500.800049
396.500000 1500.699951
437.399994 1501.199951
453.899994 1501.300049
460.500000 1501.199951
470.399994 1501.300049
478.899994 1501.400024
496.600006 1501.500000
498.600006 1501.599976
513.700012 1501.599976
518.900024 1501.599976
532.000000 1501.699951
554.799988 1501.800049
557.400024 1501.699951
558.799988 1501.800049
566.599976 1501.800049
595.200012 1502.099976
599.799988 1502.099976
621.200012 1502.300049
628.299988 1502.300049
649.700012 1502.500000
651.000000 1502.500000
662.000000 1502.699951
678.799988 1502.699951
694.299988 1502.900024
703.299988 1502.900024
705.900024 1502.900024
719.400024 1502.900024
731.000000 1503.099976
739.299988 1503.099976
756.000000 1503.300049
757.900024 1503.300049
767.599976 1503.400024
768.799988 1503.400024
775.200012 1503.500000
799.500000 1503.400024
802.099976 1503.400024
804.000000 1503.199951
814.900024 1503.400024
820.599976 1503.199951
831.400024 1503.400024
838.400024 1503.699951
847.299988 1503.699951
852.400024 1503.699951
857.500000 1503.500000
865.099976 1503.699951
875.900024 1503.699951
880.400024 1503.800049
882.299988 1503.900024
885.400024 1503.900024
888.599976 1503.800049
891.099976 1503.800049
894.900024 1503.800049
901.299988 1503.900024
908.900024 1503.900024
917.700012 1503.800049
927.200012 1504.000000
936.000000 1504.000000
947.400024 1504.099976
952.400024 1504.000000
959.400024 1504.099976
968.200012 1504.099976
977.599976 1504.300049
982.000000 1504.099976
995.799988 1504.300049
999.599976 1504.300049
1002.700012 1504.300049
1015.900024 1504.400024
1025.300049 1504.199951
1029.599976 1504.300049
1035.900024 1504.199951
1039.000000 1504.199951
1042.099976 1504.099976
1054.599976 1504.099976
1059.000000 1503.900024
1064.599976 1503.900024
1077.699951 1503.699951
1083.900024 1503.699951
1088.900024 1503.599976
1102.000000 1503.699951
1105.099976 1503.599976
1108.800049 1503.699951
1114.400024 1503.500000
1116.199951 1503.599976
1120.599976 1503.500000
1125.500000 1503.500000
1128.000000 1503.400024
1149.699951 1503.300049
1155.900024 1503.000000
1161.400024 1503.099976
1165.099976 1502.800049
1174.400024 1502.699951
1176.900024 1502.500000
1181.199951 1502.400024
1184.300049 1502.500000
1187.300049 1502.300049
1192.300049 1502.300049
1194.699951 1502.300049
1198.400024 1502.300049
1203.400024 1502.199951
1205.199951 1502.199951
1212.000000 1502.699951
1214.400024 1502.800049
1215.699951 1502.699951
1216.900024 1502.300049
1218.099976 1502.199951
1220.000000 1502.300049
1225.500000 1502.300049
1227.900024 1502.500000
1231.599976 1502.500000
1234.699951 1502.300049
1239.000000 1502.300049
1240.199951 1502.099976
1243.300049 1502.000000
1258.599976 1502.199951
1261.599976 1502.199951
1275.699951 1502.400024
1283.000000 1502.400024
1292.199951 1502.199951
1298.300049 1502.199951
1301.300049 1502.000000
1309.900024 1501.900024
1312.300049 1501.800049
1317.199951 1501.699951
1319.000000 1501.599976
1326.900024 1501.599976
1330.599976 1501.500000
1332.400024 1501.500000
1336.000000 1501.300049
1346.300049 1501.099976
1352.400024 1500.800049
1360.300049 1500.699951
1363.300049 1500.599976
1366.900024 1500.599976
1375.400024 1500.400024
1380.300049 1500.400024
1385.099976 1500.199951
1400.800049 1500.099976
1405.599976 1499.900024
1409.900024 1499.900024
1415.300049 1499.699951
1423.099976 1499.699951
1426.699951 1499.599976
1432.699951 1499.599976
1438.199951 1499.500000
1440.599976 1499.400024
1452.000000 1499.500000
1464.000000 1499.199951
1473.000000 1499.199951
1476.599976 1499.000000
1480.699951 1498.900024
1502.900024 1498.599976
1515.400024 1498.699951
1519.599976 1498.599976
1520.800049 1498.500000
1526.699951 1498.500000
1530.300049 1498.300049
1545.199951 1498.400024
1549.400024 1498.300049
1566.000000 1498.300049
1574.900024 1498.099976
1578.400024 1498.199951
1590.300049 1498.000000
1595.000000 1498.099976
1603.900024 1498.000000
1611.000000 1498.099976
1615.099976 1497.900024
1623.400024 1497.800049
1628.099976 1497.699951
1641.699951 1497.800049
1645.199951 1497.800049
1646.400024 1497.699951
1652.199951 1497.500000
1659.300049 1497.599976
1661.699951 1497.500000
1669.300049 1497.599976
1682.199951 1497.500000
1691.599976 1497.699951
1698.599976 1497.699951
1705.000000 1497.699951
1710.300049 1497.599976
1713.199951 1497.599976
1714.400024 1497.500000
1723.099976 1497.599976
1725.500000 1497.599976
1728.400024 1497.500000
1734.800049 1497.699951
1736.599976 1497.599976
1740.099976 1497.599976
1747.599976 1497.699951
1751.699951 1497.599976
1754.000000 1497.699951
1761.000000 1497.800049
1763.300049 1497.800049
1765.099976 1497.900024
1770.900024 1497.900024
1775.000000 1497.599976
1777.300049 1497.599976
1781.300049 1497.400024
1785.400024 1497.500000
1788.900024 1497.400024
1794.699951 1497.500000
1796.400024 1497.400024
1802.800049 1497.300049
1805.099976 1497.400024
1808.000000 1497.400024
1812.599976 1497.500000
1814.300049 1497.400024
1825.300049 1497.599976
1827.099976 1497.500000
1830.500000 1497.500000
2000.000000 1499.199951
2200.000000 1501.500000
2300.000000 1502.500000
2600.000000 1506.099976
2800.000000 1508.800049
3000.000000 1511.699951
3300.000000 1516.300049
3600.000000 1521.000000
3900.000000 1526.000000
4500.000000 1536.500000