44
32
34
32
42
44
37
32
29
29
35
38
41
38
26
30
36
32
31
32
38
43
39
41
30
34
38
30
32
41
42
38
37
27
28
30
34
25
30
38
33
34
29
30
28
35
28
30
32
35
30
35
36
32
31
36
42
40
32
29
38
35
31
29
32
39
49
43
35
35
31
39
46
40
36
36
35
39
40
44
38
38
32
28
38
42
35
36
29
38
37
37
32
28
31
28
32
38
40
34
30
33
32
33
33
31
32
31
33
31
33
36
42
41
33
36
32
34
37
37
31
42
49
42
34
41
32
30
30
34
34
34
46
36
33
31
32
29
33
32
28
36
44
38
44
38
43
33
32
32
26
29
32
32
33
28
32
36
37
38
45
32
41
46
34
31
33
40
37
31
30
31
31
30
29
30
30
29
34
34
39
37
31
38
33
31
34
36
32
29
33
36
36
29
31
28
33
41
35
37
36
29
40
39
40
40
35
31
36
33
49
54
45
39
32
30
33
32
38
46
38
40
43
38
47
47
40
35
41
40
38
34
31
33
33
37
33
30
34
31
33
48
56
47
33
34
30
37
37
30
34
33
31
39
45
32
30
34
38
31
32
38
42
32
30
33
42
45
34
41
38
39
38
34
33
35
32
29
33
35
33
27
29
28
34
38
45
39
36
31
38
39
46
35
41
41
37
34
29
40
37
36
39
42
44
39
33
35
40
38
41
30
30
35
38
35
39
30
32
31
35
40
37
42
39
42
35
35
38
34
39
37
45
48
35
36
32
32
34
36
36
32
34
35
34
45
49
46
41
35
37
31
43
39
30
32
32
33
33
47
51
46
39
34
31
36
51
52
41
41
37
32
33
35
40
46
42
44
45
42
37
43
47
57
58
45
43
58
41
40
40
42
44
35
39
43
31
44
45
41
44
36
36
36
30
29
36
44
44
48
41
42
34
40
41
39
42
30
37
33
38
43
50
46
35
44
51
61
65
44
41
45
48
42
53
60
43
43
41
36
34
33
59
81
61
35
37
40
30
42
41
39
35
41
64
63
46
56
44
43
52
57
48
45
45
42
47
57
68
58
38
46
44
59
80
59
53
50
57
59
51
65
95
77
38
33
38
54
44
30
38
63
67
89
116
101
72
42
82
83
51
56
45
46
45
71
64
81
112
95
93
98
85
41
50
94
93
70
68
43
49
52
47
77
75
57
73
54
56
62
68
58
45
51
74
78
44
37
73
85
76
60
46
64
86
67
82
89
84
59
59
52
47
58
41
58
74
59
52
58
76
119
93
51
61
59
52
75
68
47
87
93
61
40
60
96
101
50
44
45
71
78
69
56
92
106
68
56
59
69
80
74
68
54
53
64
71
61
97
77
68
131
150
110
51
72
61
48
57
54
68
65
65
76
72
68
81
73
57
59
83
115
93
59
88
67
58
68
60
69
57
76
77
78
67
74
91
80
52
65
113
131
100
60
73
65
41
37
49
85
92
65
71
96
100
77
57
89
114
83
64
55
62
86
108
74
81
88
90
77
65
53
48
71
56
70
59
67
101
103
99
97
73
70
71
71
54
53
55
81
101
99
91
78
62
84
92
70
76
70
78
65
53
76
61
69
93
107
109
65
56
93
103
83
64
47
103
125
76
56
102
122
74
47
44
72
101
106
91
75
57
44
42
63
84
83
76
67
104
110
60
47
55
75
97
93
103
102
89
59
91
116
108
116
132
137
106
67
69
104
74
80
54
60
78
79
131
118
82
86
93
84
72
80
79
73
70
60
83
98
82
65
62
73
82
83
74
69
110
101
67
52
54
71
95
118
94
89
82
62
51
64
73
61
74
99
92
43
53
77
119
109
95
67
63
76
90
58
64
67
92
77
55
56
60
67
73
98
85
101
120
80
58
74
66
58
61
78
77
84
83
68
74
66
54
60
64
75
55
63
77
76
67
79
86
113
112
89
69
81
72
83
81
76
89
108
78
81
143
178
144
111
92
88
96
99
93
135
109
86
102
87
64
73
95
109
88
86
104
86
104
155
151
79
71
68
91
143
137
115
112
85
80
97
65
92
119
109
148
149
105
129
119
121
141
214
185
129
135
119
127
162
119
125
146
124
122
142
144
178
180
147
113
155
199
196
257
257
181
166
183
206
203
190
187
241
247
201
209
325
381
335
294
268
280
222
221
240
180
91
42
47
56
36
21
24
39
36
41
38
25
28
31
34
37
35
100
135
85
65
60
67
86
136
141
42
86
111
67
56
133
113
42
131
81
88
79
107
237
197
213
336
358
239
302
318
161
137
66
199
287
310
349
428
353
174
198
302
506
544
448
392
329
249
387
355
156
232
343
457
645
765
580
182
82
47
122
151
213
300
212
224
419
322
359
491
407
257
160
117
67
395
745
765
591
499
374
180
382
316
92
154
140
64
170
271
273
186
235
336
366
310
127
151
123
270
322
311
678
761
444
199
369
488
392
570
419
220
383
517
433
193
281
443
637
518
285
213
273
237
304
303
77
278
245
268
724
624
519
738
321
231
234
635
873
557
450
463
176
172
241
272
402
596
710
669
379
370
629
565
363
490
668
594
383
145
159
241
135
135
315
419
555
369
251
319
344
366
292
243
267
340
339
292
200
103
129
193
221
301
454
194
296
390
127
456
411
88
375
509
630
637
375
177
208
232
401
616
605
289
460
768
562
418
606
683
834
941
1241
1169
664
327
427
709
788
628
418
273
639
802
653
605
590
471
490
865
1064
656
331
252
192
204
331
485
507
413
188
385
721
722
315
282
544
817
919
753
495
459
511
485
428
318
242
451
420
110
375
496
467
369
312
427
37