40
44
32
44
32
30
30
35
38
37
36
41
36
27
27
28
36
37
35
34
42
32
29
40
46
38
28
36
33
41
37
27
31
38
38
32
28
27
28
34
33
30
35
34
35
45
45
37
37
41
38
40
36
33
37
33
37
33
30
30
41
46
44
31
27
30
39
36
34
36
37
26
30
33
30
29
24
30
26
28
35
35
28
27
31
36
35
30
35
35
34
34
29
32
28
29
26
27
34
39
32
27
28
30
24
29
26
34
41
33
36
33
33
29
31
42
42
33
25
32
27
30
28
31
40
37
38
30
29
25
26
32
33
37
35
38
39
40
39
39
32
41
36
34
33
37
50
54
38
35
37
40
30
31
29
34
39
35
30
30
35
26
28
29
37
42
55
42
39
39
38
38
41
43
36
35
33
28
33
35
33
37
36
33
39
39
33
47
39
34
34
35
49
41
33
34
33
36
29
31
34
38
35
31
29
32
37
24
23
35
29
26
29
33
27
26
31
25
27
27
31
28
33
42
45
34
37
32
31
43
30
31
37
34
35
28
31
37
34
26
40
47
37
37
33
33
33
38
46
34
41
39
36
30
35
32
26
27
29
34
37
37
37
43
40
39
37
30
33
40
35
35
38
36
34
40
43
40
40
38
45
35
31
30
33
36
28
30
35
37
30
28
30
38
34
38
31
31
34
44
49
43
34
29
32
29
31
31
45
39
40
31
37
39
41
32
28
34
38
33
37
43
42
38
39
35
38
39
43
38
36
36
46
55
46
37
38
33
32
36
33
41
42
62
61
41
45
44
32
37
48
40
30
32
35
45
31
32
32
35
75
69
47
35
33
36
44
36
39
41
42
42
33
40
49
33
33
31
30
29
33
36
30
36
31
48
44
41
43
45
65
68
44
31
24
27
47
50
38
46
46
45
45
38
35
32
33
41
39
36
46
43
35
32
37
35
39
35
44
46
52
54
53
52
57
52
63
64
40
50
49
31
45
70
76
56
39
38
42
46
43
49
40
36
35
44
56
56
54
56
53
39
49
57
73
89
73
52
50
58
32
32
34
44
80
55
58
62
56
40
43
48
57
41
37
38
66
64
52
90
105
82
71
73
75
70
50
45
67
97
99
91
80
64
50
51
79
99
83
51
40
38
56
59
56
58
58
54
53
53
52
57
55
51
88
98
83
63
52
56
53
66
71
52
67
75
71
56
46
63
77
77
70
60
40
45
49
50
53
55
50
35
55
52
40
46
56
42
43
47
38
47
73
97
117
128
125
111
84
48
80
83
60
65
60
53
61
79
71
48
37
56
61
53
48
45
109
128
112
86
54
48
52
68
63
56
35
41
65
64
58
93
105
75
62
61
55
75
98
72
60
53
82
101
120
148
115
53
55
54
93
101
89
78
63
50
64
54
67
83
93
68
77
82
104
87
91
75
64
55
51
58
97
110
93
56
76
94
72
51
88
92
61
43
70
96
76
68
73
58
65
50
45
49
42
88
81
71
66
58
54
54
66
76
51
69
92
72
59
46
60
76
71
77
80
67
99
77
64
65
70
67
53
48
42
50
48
53
62
69
85
86
54
63
74
97
78
74
52
68
84
121
138
129
83
63
66
65
60
53
57
87
93
53
86
72
53
49
57
111
127
76
89
99
72
67
105
70
75
79
65
88
79
142
197
159
114
120
87
82
107
125
93
64
70
84
115
149
96
58
92
84
82
84
88
71
89
95
119
84
56
105
156
117
47
83
102
111
79
90
105
100
97
101
92
60
82
60
61
81
54
66
74
60
88
118
95
62
68
67
80
100
93
79
72
75
72
64
60
75
62
71
104
133
119
78
65
63
106
113
92
97
101
86
85
87
85
76
102
100
68
60
67
67
76
76
95
74
63
72
83
75
53
60
46
62
81
79
83
84
81
72
73
89
91
95
84
84
75
81
96
100
75
81
87
100
95
83
89
69
59
60
77
86
79
68
105
97
73
80
68
63
127
126
78
89
78
93
102
85
74
77
70
67
76
99
98
91
111
97
73
102
97
91
100
101
94
127
159
131
111
90
102
136
140
92
81
96
105
108
111
125
110
90
89
98
98
107
132
140
177
147
120
121
132
135
135
191
163
113
140
178
152
159
181
164
131
191
250
215
166
223
204
133
180
177
148
148
150
150
116
110
132
105
61
71
65
71
58
38
65
54
33
59
108
113
105
134
171
125
105
255
294
228
120
96
93
57
163
158
68
155
211
298
378
198
110
247
148
29
71
227
372
451
504
607
565
286
424
418
178
390
326
85
136
36
111
291
487
671
627
209
219
305
174
152
390
410
249
61
359
713
968
942
586
303
407
573
544
513
627
853
1154
1171
1073
909
627
331
297
421
391
235
71
307
388
238
84
195
165
487
649
448
128
277
400
258
85
166
275
226
82
42
246
395
228
432
543
231
251
273
161
279
151
254
496
482
244
91
292
420
460
389
341
545
578
123
404
359
166
265
130
132
151
249
164
124
227
640
1359
1703
1522
1364
1353
1100
503
339
682
733
816
675
432
435
306
557
529
299
608
586
700
811
730
455
370
243
456
364
572
733
436
416
330
141
179
556
635
392
495
403
536
611
570
446
455
460
215
155
216
144
216
213
150
171
242
370
685
623
288
137
362
646
565
303
469
543
420
393
486
522
610
305
254
251
476
874
793
740
1105
1200
913
688
753
634
347
647
683
324
191
159
311
563
610
260
436
614
332
131
166
187
224
325
366
514
629
641
373
143
157
160
474
660
365
388
574
528
434
387
258
204
667
807
621
401
415
696
859
651
433
472
267
141
251
419
475
398
292
135
232
329
401