1963.0000	19.49
1963.0833	21.89
1963.1667	20.49
1963.2500	22.91
1963.3333	21.14
1963.4167	18.46
1963.5000	17.50
1963.5833	18.24
1963.6667	20.67
1963.7500	22.97
1963.8333	24.91
1963.9167	23.12
1964.0000	22.00
1964.0833	20.51
1964.1667	21.48
1964.2500	21.51
1964.3333	21.27
1964.4167	19.01
1964.5000	17.82
1964.5833	17.36
1964.6667	19.47
1964.7500	21.31
1964.8333	20.12
1964.9167	19.80
1965.0000	20.44
1965.0833	20.30
1965.1667	21.02
1965.2500	20.35
1965.3333	20.50
1965.4167	20.02
1965.5000	18.32
1965.5833	18.20
1965.6667	20.51
1965.7500	22.57
1965.8333	20.32
1965.9167	20.89
1966.0000	21.41
1966.0833	20.99
1966.1667	21.01
1966.2500	21.01
1966.3333	20.13
1966.4167	19.12
1966.5000	17.86
1966.5833	17.96
1966.6667	20.01
1966.7500	21.10
1966.8333	21.69
1966.9167	20.80
1967.0000	21.15
1967.0833	21.51
1967.1667	21.32
1967.2500	21.22
1967.3333	20.44
1967.4167	19.24
1967.5000	18.66
1967.5833	18.35
1967.6667	20.19
1967.7500	22.27
1967.8333	22.34
1967.9167	20.54
1968.0000	20.36
1968.0833	21.35
1968.1667	19.36
1968.2500	21.19
1968.3333	20.25
1968.4167	17.68
1968.5000	16.57
1968.5833	17.11
1968.6667	18.97
1968.7500	20.52
1968.8333	21.71
1968.9167	21.55
1969.0000	20.20
1969.0833	21.83
1969.1667	21.92
1969.2500	21.73
1969.3333	21.35
1969.4167	19.38
1969.5000	18.45
1969.5833	18.52
1969.6667	21.18
1969.7500	22.87
1969.8333	21.76
1969.9167	21.25
1970.0000	19.98
1970.0833	20.85
1970.1667	20.85
1970.2500	21.48
1970.3333	20.32
1970.4167	19.93
1970.5000	19.45
1970.5833	18.08
1970.6667	19.44
1970.7500	21.53
1970.8333	21.44
1970.9167	21.29
1971.0000	21.76
1971.0833	21.88
1971.1667	21.31
1971.2500	21.65
1971.3333	21.11
1971.4167	19.75
1971.5000	19.36
1971.5833	18.71
1971.6667	19.68
1971.7500	20.38
1971.8333	19.69
1971.9167	19.83
1972.0000	20.74
1972.0833	21.41
1972.1667	20.96
1972.2500	21.55
1972.3333	19.96
1972.4167	19.65
1972.5000	19.18
1972.5833	19.37
1972.6667	21.27
1972.7500	21.74
1972.8333	22.02
1972.9167	21.68
1973.0000	21.57
1973.0833	22.53
1973.1667	22.12
1973.2500	21.88
1973.3333	21.84
1973.4167	20.13
1973.5000	20.41
1973.5833	19.00
1973.6667	22.00
1973.7500	22.03
1973.8333	20.48
1973.9167	20.99
1974.0000	21.32
1974.0833	21.26
1974.1667	21.50
1974.2500	20.38
1974.3333	20.97
1974.4167	19.50
1974.5000	18.69
1974.5833	17.59
1974.6667	20.19
1974.7500	22.75
1974.8333	21.38
1974.9167	21.48
1975.0000	20.73
1975.0833	21.20
1975.1667	21.52
1975.2500	22.16
1975.3333	20.32
1975.4167	18.99
1975.5000	18.43
1975.5833	17.20
1975.6667	20.17
1975.7500	21.84
1975.8333	21.51
1975.9167	20.90
1976.0000	21.14
1976.0833	21.58
1976.1667	20.94
1976.2500	21.01
1976.3333	21.04
1976.4167	19.83
1976.5000	19.04
1976.5833	18.39
1976.6667	20.94
1976.7500	20.80
1976.8333	20.56
1976.9167	20.03
1977.0000	20.67
1977.0833	20.68
1977.1667	21.49
1977.2500	22.68
1977.3333	21.06
1977.4167	18.88
1977.5000	19.03
1977.5833	19.29
1977.6667	21.78
1977.7500	21.42
1977.8333	21.98
1977.9167	21.52
1978.0000	21.31
1978.0833	21.58
1978.1667	21.00
1978.2500	20.94
1978.3333	20.25
1978.4167	19.61
1978.5000	17.83
1978.5833	18.53
1978.6667	19.42
1978.7500	21.04
1978.8333	21.54
1978.9167	20.89
1979.0000	20.75
1979.0833	20.45
1979.1667	21.05
1979.2500	21.18
1979.3333	20.59
1979.4167	19.77
1979.5000	17.45
1979.5833	18.38
1979.6667	20.69
1979.7500	21.57
1979.8333	22.42
1979.9167	21.05
1980.0000	21.62
1980.0833	20.51
1980.1667	20.33
1980.2500	21.64
1980.3333	20.37
1980.4167	19.65
1980.5000	18.41
1980.5833	19.15
1980.6667	21.10
1980.7500	21.65
1980.8333	23.03
1980.9167	20.98
1981.0000	20.66
1981.0833	20.94
1981.1667	21.91
1981.2500	21.57
1981.3333	20.48
1981.4167	18.96
1981.5000	17.84
1981.5833	17.09
1981.6667	19.96
1981.7500	22.52
1981.8333	20.55
1981.9167	20.76
1982.0000	21.40
1982.0833	20.09
1982.1667	21.55
1982.2500	21.12
1982.3333	19.69
1982.4167	18.62
1982.5000	19.36
1982.5833	18.89
1982.6667	20.36
1982.7500	21.31
1982.8333	21.71
1982.9167	22.12
1983.0000	20.87
1983.0833	20.66
1983.1667	21.23
1983.2500	20.94
1983.3333	21.30
1983.4167	20.25
1983.5000	19.51
1983.5833	19.76
1983.6667	20.24
1983.7500	22.70
1983.8333	20.89
1983.9167	20.72
1984.0000	20.31
1984.0833	21.69
1984.1667	21.85
1984.2500	21.56
1984.3333	20.80
1984.4167	20.95
1984.5000	19.28
1984.5833	19.01
1984.6667	19.99
1984.7500	20.18
1984.8333	21.70
1984.9167	21.81
1985.0000	21.48
1985.0833	19.96
1985.1667	22.03
1985.2500	21.44
1985.3333	20.74
1985.4167	20.21
1985.5000	16.97
1985.5833	17.53
1985.6667	20.58
1985.7500	21.59
1985.8333	21.19
1985.9167	21.08
1986.0000	20.91
1986.0833	21.22
1986.1667	21.35
1986.2500	21.67
1986.3333	21.78
1986.4167	20.86
1986.5000	18.24
1986.5833	18.77
1986.6667	20.60
1986.7500	21.06
1986.8333	21.72
1986.9167	21.49
1987.0000	21.25
1987.0833	22.09
1987.1667	21.64
1987.2500	21.03
1987.3333	21.57
1987.4167	20.70
1987.5000	19.28
1987.5833	19.75
1987.6667	21.53
1987.7500	22.65
1987.8333	22.98
1987.9167	21.15
1988.0000	21.04
1988.0833	22.69
1988.1667	21.82
1988.2500	21.41
1988.3333	21.47
1988.4167	21.10
1988.5000	18.16
1988.5833	17.21
1988.6667	19.34
1988.7500	22.66
1988.8333	21.70
1988.9167	20.95
1989.0000	20.85
1989.0833	21.35
1989.1667	21.06
1989.2500	21.34
1989.3333	21.70
1989.4167	19.44
1989.5000	19.47
1989.5833	18.13
1989.6667	19.85
1989.7500	21.71
1989.8333	21.31
1989.9167	21.17
1990.0000	19.76
1990.0833	21.89
1990.1667	21.11
1990.2500	22.09
1990.3333	21.70
1990.4167	19.78
1990.5000	18.75
1990.5833	18.60
1990.6667	19.57
1990.7500	20.70
1990.8333	22.24
1990.9167	21.98
1991.0000	21.81
1991.0833	20.86
1991.1667	21.19
1991.2500	20.88
1991.3333	20.83
1991.4167	19.37
1991.5000	19.04
1991.5833	18.28
1991.6667	19.42
1991.7500	20.91
1991.8333	21.99
1991.9167	20.94
1992.0000	21.14
1992.0833	20.58
1992.1667	20.00
1992.2500	20.83
1992.3333	21.07
1992.4167	20.69
1992.5000	18.46
1992.5833	18.67
1992.6667	20.03
1992.7500	20.27
1992.8333	20.92
1992.9167	20.43
1993.0000	20.09
1993.0833	21.67
1993.1667	20.52
1993.2500	22.45
1993.3333	21.46
1993.4167	19.31
1993.5000	18.69
1993.5833	19.57
1993.6667	20.59
1993.7500	22.35
1993.8333	22.14
1993.9167	22.09
1994.0000	21.03
1994.0833	21.23
1994.1667	21.90
1994.2500	20.93
1994.3333	21.19
1994.4167	20.60
1994.5000	18.48
1994.5833	18.20
1994.6667	20.54
1994.7500	23.22
1994.8333	23.67
1994.9167	22.19
1995.0000	21.39
1995.0833	21.97
1995.1667	21.58
1995.2500	22.05
1995.3333	21.09
1995.4167	20.37
1995.5000	18.74
1995.5833	19.25
1995.6667	21.41
1995.7500	22.44
1995.8333	22.85
1995.9167	21.31
1996.0000	21.24
1996.0833	22.39
1996.1667	22.60
1996.2500	21.80
1996.3333	21.06
1996.4167	20.31
1996.5000	18.32
1996.5833	19.05
1996.6667	20.64
1996.7500	22.17
1996.8333	22.49
1996.9167	20.99
1997.0000	21.60
1997.0833	20.64
1997.1667	21.82
1997.2500	20.30
1997.3333	20.18
1997.4167	18.80
1997.5000	18.51
1997.5833	18.48
1997.6667	20.45
1997.7500	23.42
1997.8333	23.61
1997.9167	22.91
1998.0000	21.95
1998.0833	22.30
1998.1667	23.05
1998.2500	22.98
1998.3333	23.08
1998.4167	20.55
1998.5000	19.48
1998.5833	19.84
1998.6667	22.44
1998.7500	23.98
1998.8333	22.69
1998.9167	21.25
1999.0000	21.59
1999.0833	22.08
1999.1667	22.53
1999.2500	21.84
1999.3333	21.65
1999.4167	20.21
1999.5000	20.14
1999.5833	19.89
1999.6667	19.90
1999.7500	22.44
1999.8333	22.23
1999.9167	21.00
2000.0000	21.07
2000.0833	21.61
2000.1667	21.56
2000.2500	21.31
2000.3333	21.13
2000.4167	20.37
2000.5000	19.25
2000.5833	18.99
2000.6667	21.50
2000.7500	21.30
2000.8333	23.28
2000.9167	20.74
2001.0000	21.56
2001.0833	22.09
2001.1667	22.53
2001.2500	21.37
2001.3333	21.85
2001.4167	20.82
2001.5000	19.41
2001.5833	19.87
2001.6667	19.53
2001.7500	21.83
2001.8333	21.09
2001.9167	21.25
2002.0000	21.45
2002.0833	21.72
2002.1667	21.49
2002.2500	22.35
2002.3333	22.00
2002.4167	20.87
2002.5000	19.40
2002.5833	20.10
2002.6667	21.54
2002.7500	21.91
2002.8333	24.55
2002.9167	22.47
2003.0000	22.26
2003.0833	21.83
2003.1667	22.29
2003.2500	21.09
2003.3333	21.81
2003.4167	19.77
2003.5000	19.65
2003.5833	18.95
2003.6667	20.89
2003.7500	22.48
2003.8333	22.43
2003.9167	21.73
2004.0000	23.06
2004.0833	21.18
2004.1667	20.79
2004.2500	21.22
2004.3333	21.06
2004.4167	20.68
2004.5000	18.68
2004.5833	18.01
2004.6667	20.62
2004.7500	23.46
2004.8333	23.05
2004.9167	22.09
2005.0000	21.72
2005.0833	21.91
2005.1667	22.36
2005.2500	21.66
2005.3333	22.08
2005.4167	19.71
2005.5000	19.45
2005.5833	19.11
2005.6667	21.11
2005.7500	23.09
2005.8333	24.77
2005.9167	21.45
2006.0000	21.06
2006.0833	22.22
2006.1667	22.10
2006.2500	21.66
2006.3333	21.32
2006.4167	20.15
2006.5000	18.64
2006.5833	19.27
2006.6667	21.83
2006.7500	22.17
2006.8333	21.24
2006.9167	21.53
2007.0000	21.81
2007.0833	22.05
2007.1667	21.42
2007.2500	22.64
2007.3333	22.12
2007.4167	20.78
2007.5000	19.90
2007.5833	20.27
2007.6667	20.39
2007.7500	23.25
2007.8333	24.00
2007.9167	22.48
2008.0000	21.77
2008.0833	21.62
2008.1667	21.47
2008.2500	21.18
2008.3333	21.68
2008.4167	20.13
2008.5000	19.51
2008.5833	18.90
2008.6667	21.53
2008.7500	23.14
2008.8333	24.10
2008.9167	21.61
2009.0000	21.18
2009.0833	22.10
2009.1667	22.19
2009.2500	22.34
2009.3333	20.91
2009.4167	20.04
2009.5000	19.16
2009.5833	20.46
2009.6667	20.78
2009.7500	22.81
2009.8333	21.70
2009.9167	22.27
2010.0000	21.28
2010.0833	22.42
2010.1667	23.12
2010.2500	22.44
2010.3333	21.47
2010.4167	21.27
2010.5000	19.35
2010.5833	19.59
2010.6667	20.58
2010.7500	23.44
2010.8333	23.01
2010.9167	21.21
2011.0000	21.87
2011.0833	21.87
2011.1667	21.74
2011.2500	21.60
2011.3333	21.56
2011.4167	20.20
2011.5000	19.39
2011.5833	19.68
2011.6667	22.20
2011.7500	23.13
2011.8333	20.77
2011.9167	20.86
2012.0000	21.03
2012.0833	20.55
2012.1667	21.51
2012.2500	21.94
2012.3333	22.25
2012.4167	19.52
2012.5000	20.27
2012.5833	19.79
2012.6667	19.81
2012.7500	23.41
2012.8333	23.89
2012.9167	21.44
2013.0000	22.74
2013.0833	21.24
2013.1667	22.90
2013.2500	22.31
2013.3333	20.96
2013.4167	20.72
2013.5000	20.24
2013.5833	19.82
2013.6667	20.98
2013.7500	22.62
2013.8333	22.21
2013.9167	21.97
2014.0000	21.50
2014.0833	22.27
2014.1667	21.87
2014.2500	21.44
2014.3333	21.50
2014.4167	20.53
2014.5000	19.52
2014.5833	19.05
2014.6667	21.34
2014.7500	23.80
2014.8333	23.51
2014.9167	22.01
2015.0000	21.31
2015.0833	23.33
2015.1667	22.05
2015.2500	21.17
2015.3333	21.71
2015.4167	19.89
2015.5000	19.32
2015.5833	20.38
2015.6667	21.57
2015.7500	24.40
2015.8333	25.65
2015.9167	23.60
2016.0000	23.47
2016.0833	21.71
2016.1667	23.48
2016.2500	23.15
2016.3333	23.32
2016.4167	21.88
2016.5000	20.20
2016.5833	20.92
2016.6667	22.17
2016.7500	24.12
2016.8333	23.62
2016.9167	22.13
2017.0000	22.51
2017.0833	22.97
2017.1667	21.89
2017.2500	22.68
2017.3333	22.85
2017.4167	21.39
2017.5000	19.88
2017.5833	17.68
2017.6667	21.79
2017.7500	22.03
2017.8333	24.81
2017.9167	21.73
2018.0000	21.76
2018.0833	22.23
2018.1667	21.86
2018.2500	22.32
2018.3333	20.73
2018.4167	19.68
2018.5000	19.67
2018.5833	19.39
2018.6667	21.69
2018.7500	23.46
2018.8333	23.40
2018.9167	21.21
2019.0000	22.05
2019.0833	23.21
2019.1667	22.64
2019.2500	21.97
2019.3333	21.93
2019.4167	21.44
2019.5000	19.47
2019.5833	19.14
2019.6667	21.42
2019.7500	24.55
2019.8333	24.58
2019.9167	23.16
2020.0000	22.80
2020.0833	22.56
